0.000000E+00	0.000000E+00	0.000000E+00	1.000000E+01	
1.666667E-02	1.330393E-01	2.940470E-04	1.001667E+01	
3.333333E-02	2.654251E-01	1.241603E-03	1.003333E+01	
5.000000E-02	3.969417E-01	3.058328E-03	1.005000E+01	
6.666667E-02	5.273735E-01	5.959881E-03	1.006667E+01	
8.333333E-02	6.565047E-01	1.016192E-02	1.008333E+01	
1.000000E-01	7.998825E-01	1.175370E-04	1.010000E+01	
1.166667E-01	9.315916E-01	1.741781E-03	1.011658E+01	
1.333333E-01	1.062654E+00	4.013001E-03	1.013320E+01	
1.500000E-01	1.192855E+00	7.144698E-03	1.014986E+01	
1.666667E-01	1.321983E+00	1.135038E-02	1.016658E+01	
1.833333E-01	1.449823E+00	1.684354E-02	1.018338E+01	
2.000000E-01	1.591767E+00	8.232723E-03	1.019972E+01	
2.166667E-01	1.722159E+00	1.117387E-02	1.021622E+01	
2.333333E-01	1.851911E+00	1.475551E-02	1.023279E+01	
2.500000E-01	1.980811E+00	1.918904E-02	1.024945E+01	
2.666667E-01	2.108648E+00	2.468580E-02	1.026622E+01	
2.833333E-01	2.235209E+00	3.145718E-02	1.028315E+01	
3.000000E-01	2.375734E+00	2.426559E-02	1.029917E+01	
3.166667E-01	2.504823E+00	2.851047E-02	1.031560E+01	
3.333333E-01	2.633277E+00	3.338944E-02	1.033211E+01	
3.500000E-01	2.760888E+00	3.911177E-02	1.034877E+01	
3.666667E-01	2.887447E+00	4.588672E-02	1.036560E+01	
3.833333E-01	3.012743E+00	5.392353E-02	1.038266E+01	
4.000000E-01	3.151863E+00	4.813699E-02	1.039836E+01	
4.166667E-01	3.279661E+00	5.367255E-02	1.041471E+01	
4.333333E-01	3.406831E+00	5.983588E-02	1.043117E+01	
4.500000E-01	3.533166E+00	6.683414E-02	1.044782E+01	
4.666667E-01	3.658459E+00	7.487448E-02	1.046471E+01	
4.833333E-01	3.782503E+00	8.416407E-02	1.048189E+01	
5.000000E-01	3.920231E+00	7.976852E-02	1.049728E+01	
5.166667E-01	4.046751E+00	8.658188E-02	1.051355E+01	
5.333333E-01	4.172650E+00	9.401672E-02	1.052997E+01	
5.500000E-01	4.297722E+00	1.022781E-01	1.054661E+01	
5.666667E-01	4.421762E+00	1.115712E-01	1.056355E+01	
5.833333E-01	4.544566E+00	1.221011E-01	1.058086E+01	
6.000000E-01	4.680917E+00	1.190826E-01	1.059594E+01	
6.166667E-01	4.806172E+00	1.271610E-01	1.061213E+01	
6.333333E-01	4.930812E+00	1.358546E-01	1.062850E+01	
6.500000E-01	5.054633E+00	1.453666E-01	1.064514E+01	
6.666667E-01	5.177433E+00	1.558999E-01	1.066213E+01	
6.833333E-01	5.299009E+00	1.676576E-01	1.067957E+01	
7.000000E-01	5.433998E+00	1.660024E-01	1.069434E+01	
7.166667E-01	5.558000E+00	1.753332E-01	1.071046E+01	
7.333333E-01	5.681394E+00	1.852730E-01	1.072678E+01	
7.500000E-01	5.803977E+00	1.960230E-01	1.074341E+01	
7.666667E-01	5.925549E+00	2.077842E-01	1.076046E+01	
7.833333E-01	6.045909E+00	2.207574E-01	1.077802E+01	
8.000000E-01	6.179548E+00	2.204520E-01	1.079248E+01	
8.166667E-01	6.302311E+00	2.310226E-01	1.080853E+01	
8.333333E-01	6.424470E+00	2.421962E-01	1.082480E+01	
8.500000E-01	6.545828E+00	2.541718E-01	1.084143E+01	
8.666667E-01	6.666185E+00	2.671485E-01	1.085853E+01	
8.833333E-01	6.785341E+00	2.813252E-01	1.087621E+01	
9.000000E-01	6.917644E+00	2.823559E-01	1.089037E+01	
9.166667E-01	7.039179E+00	2.941539E-01	1.090634E+01	
9.333333E-01	7.160118E+00	3.065490E-01	1.092257E+01	
9.500000E-01	7.280262E+00	3.197380E-01	1.093919E+01	
9.666667E-01	7.399415E+00	3.339181E-01	1.095634E+01	
9.833333E-01	7.517380E+00	3.492862E-01	1.097414E+01	
1.000000E+00	7.648360E+00	3.516397E-01	1.098801E+01	
1.016667E+00	7.768680E+00	3.646529E-01	1.100391E+01	
1.033333E+00	7.888410E+00	3.782572E-01	1.102009E+01	
1.050000E+00	8.007353E+00	3.926475E-01	1.103671E+01	
1.066667E+00	8.125314E+00	4.080189E-01	1.105391E+01	
1.083333E+00	8.242100E+00	4.245665E-01	1.107183E+01	
1.100000E+00	8.371770E+00	4.282296E-01	1.108540E+01	
1.116667E+00	8.490887E+00	4.424459E-01	1.110122E+01	
1.133333E+00	8.609419E+00	4.572472E-01	1.111736E+01	
1.150000E+00	8.727173E+00	4.728268E-01	1.113397E+01	
1.166667E+00	8.843956E+00	4.893776E-01	1.115122E+01	
1.183333E+00	8.959574E+00	5.070929E-01	1.116926E+01	
1.200000E+00	9.087947E+00	5.120526E-01	1.118254E+01	
1.216667E+00	9.205874E+00	5.274598E-01	1.119829E+01	
1.233333E+00	9.323220E+00	5.434463E-01	1.121438E+01	
1.250000E+00	9.439797E+00	5.602032E-01	1.123099E+01	
1.266667E+00	9.555412E+00	5.779217E-01	1.124829E+01	
1.283333E+00	9.669874E+00	5.967930E-01	1.126645E+01	
1.300000E+00	9.796964E+00	6.030362E-01	1.127944E+01	
1.316667E+00	9.913711E+00	6.196225E-01	1.129512E+01	
1.333333E+00	1.002988E+01	6.367823E-01	1.131117E+01	
1.350000E+00	1.014530E+01	6.547048E-01	1.132777E+01	
1.366667E+00	1.025975E+01	6.735793E-01	1.134512E+01	
1.383333E+00	1.037307E+01	6.935951E-01	1.136339E+01	
1.400000E+00	1.049889E+01	7.011090E-01	1.137610E+01	
1.416667E+00	1.061447E+01	7.188626E-01	1.139170E+01	
1.433333E+00	1.072948E+01	7.371840E-01	1.140771E+01	
1.450000E+00	1.084374E+01	7.562604E-01	1.142431E+01	
1.466667E+00	1.095705E+01	7.762793E-01	1.144170E+01	
1.483333E+00	1.106924E+01	7.974281E-01	1.146010E+01	
1.500000E+00	1.119380E+01	8.062000E-01	1.147252E+01	
1.516667E+00	1.130822E+01	8.251093E-01	1.148805E+01	
1.533333E+00	1.142209E+01	8.445806E-01	1.150401E+01	
1.550000E+00	1.153520E+01	8.647994E-01	1.152061E+01	
1.566667E+00	1.164738E+01	8.859513E-01	1.153805E+01	
1.583333E+00	1.175844E+01	9.082217E-01	1.155656E+01	
1.600000E+00	1.188176E+01	9.182391E-01	1.156870E+01	
1.616667E+00	1.199504E+01	9.382924E-01	1.158416E+01	
1.633333E+00	1.210776E+01	9.589022E-01	1.160008E+01	
1.650000E+00	1.221975E+01	9.802520E-01	1.161667E+01	
1.666667E+00	1.233081E+01	1.002526E+00	1.163416E+01	
1.683333E+00	1.244076E+01	1.025906E+00	1.165278E+01	
1.700000E+00	1.256284E+01	1.037157E+00	1.166464E+01	
1.716667E+00	1.267499E+01	1.058343E+00	1.168004E+01	
1.733333E+00	1.278659E+01	1.080080E+00	1.169591E+01	
1.750000E+00	1.289745E+01	1.102549E+00	1.171250E+01	
1.766667E+00	1.300740E+01	1.125933E+00	1.173004E+01	
1.783333E+00	1.311625E+01	1.150413E+00	1.174877E+01	
1.800000E+00	1.323712E+01	1.162884E+00	1.176036E+01	
1.816667E+00	1.334814E+01	1.185192E+00	1.177568E+01	
1.833333E+00	1.345862E+01	1.208044E+00	1.179152E+01	
1.850000E+00	1.356838E+01	1.231622E+00	1.180810E+01	
1.866667E+00	1.367723E+01	1.256105E+00	1.182568E+01	
1.883333E+00	1.378499E+01	1.281674E+00	1.184453E+01	
1.900000E+00	1.390465E+01	1.295354E+00	1.185584E+01	
1.916667E+00	1.401456E+01	1.318771E+00	1.187110E+01	
1.933333E+00	1.412394E+01	1.342728E+00	1.188689E+01	
1.950000E+00	1.423260E+01	1.367404E+00	1.190347E+01	
1.966667E+00	1.434036E+01	1.392975E+00	1.192110E+01	
1.983333E+00	1.444705E+01	1.419621E+00	1.194005E+01	
2.000000E+00	1.456550E+01	1.434497E+00	1.195110E+01	
2.016667E+00	1.467432E+01	1.459013E+00	1.196629E+01	
2.033333E+00	1.478260E+01	1.484064E+00	1.198204E+01	
2.050000E+00	1.489017E+01	1.509826E+00	1.199861E+01	
2.066667E+00	1.499686E+01	1.536475E+00	1.201629E+01	
2.083333E+00	1.510248E+01	1.564188E+00	1.203535E+01	
2.100000E+00	1.521975E+01	1.580248E+00	1.204613E+01	
2.116667E+00	1.532748E+01	1.605853E+00	1.206126E+01	
2.133333E+00	1.543468E+01	1.631986E+00	1.207696E+01	
2.150000E+00	1.554118E+01	1.658824E+00	1.209353E+01	
2.166667E+00	1.564679E+01	1.686539E+00	1.211126E+01	
2.183333E+00	1.575136E+01	1.715308E+00	1.213042E+01	
2.200000E+00	1.586746E+01	1.732541E+00	1.214094E+01	
2.216667E+00	1.597411E+01	1.759222E+00	1.215600E+01	
2.233333E+00	1.608024E+01	1.786428E+00	1.217166E+01	
2.250000E+00	1.618567E+01	1.814330E+00	1.218823E+01	
2.266667E+00	1.629023E+01	1.843102E+00	1.220600E+01	
2.283333E+00	1.639375E+01	1.872916E+00	1.222527E+01	
2.300000E+00	1.650869E+01	1.891310E+00	1.223552E+01	
2.316667E+00	1.661428E+01	1.919058E+00	1.225052E+01	
2.333333E+00	1.671934E+01	1.947324E+00	1.226615E+01	
2.350000E+00	1.682372E+01	1.976280E+00	1.228271E+01	
2.366667E+00	1.692724E+01	2.006098E+00	1.230052E+01	
2.383333E+00	1.702972E+01	2.036947E+00	1.231990E+01	
2.400000E+00	1.714351E+01	2.056490E+00	1.232989E+01	
2.416667E+00	1.724804E+01	2.085294E+00	1.234483E+01	
2.433333E+00	1.735206E+01	2.114611E+00	1.236041E+01	
2.450000E+00	1.745539E+01	2.144610E+00	1.237697E+01	
2.466667E+00	1.755787E+01	2.175463E+00	1.239483E+01	
2.483333E+00	1.765933E+01	2.207337E+00	1.241431E+01	
2.500000E+00	1.777198E+01	2.228017E+00	1.242404E+01	
2.516667E+00	1.787547E+01	2.257866E+00	1.243892E+01	
2.533333E+00	1.797844E+01	2.288223E+00	1.245446E+01	
2.550000E+00	1.808074E+01	2.319256E+00	1.247101E+01	
2.566667E+00	1.818220E+01	2.351133E+00	1.248892E+01	
2.583333E+00	1.828264E+01	2.384022E+00	1.250850E+01	
2.600000E+00	1.839417E+01	2.405829E+00	1.251798E+01	
2.616667E+00	1.849662E+01	2.436712E+00	1.253279E+01	
2.633333E+00	1.859857E+01	2.468099E+00	1.254830E+01	
2.650000E+00	1.869985E+01	2.500155E+00	1.256485E+01	
2.666667E+00	1.880029E+01	2.533046E+00	1.258279E+01	
2.683333E+00	1.889973E+01	2.566939E+00	1.260248E+01	
2.700000E+00	1.901014E+01	2.589861E+00	1.261171E+01	
2.716667E+00	1.911156E+01	2.621769E+00	1.262645E+01	
2.733333E+00	1.921249E+01	2.654175E+00	1.264192E+01	
2.750000E+00	1.931276E+01	2.687243E+00	1.265847E+01	
2.766667E+00	1.941219E+01	2.721139E+00	1.267645E+01	
2.783333E+00	1.951064E+01	2.756026E+00	1.269624E+01	
2.800000E+00	1.961995E+01	2.780052E+00	1.270523E+01	
2.816667E+00	1.972036E+01	2.812974E+00	1.271991E+01	
2.833333E+00	1.982028E+01	2.846389E+00	1.273534E+01	
2.850000E+00	1.991954E+01	2.880460E+00	1.275188E+01	
2.866667E+00	2.001798E+01	2.915350E+00	1.276991E+01	
2.883333E+00	2.011545E+01	2.951221E+00	1.278980E+01	
2.900000E+00	2.022366E+01	2.976340E+00	1.279853E+01	
2.916667E+00	2.032307E+01	3.010266E+00	1.281316E+01	
2.933333E+00	2.042199E+01	3.044680E+00	1.282855E+01	
2.950000E+00	2.052026E+01	3.079744E+00	1.284509E+01	
2.966667E+00	2.061772E+01	3.115618E+00	1.286316E+01	
2.983333E+00	2.071420E+01	3.152464E+00	1.288314E+01	
3.000000E+00	2.082134E+01	3.178665E+00	1.289164E+01	
3.016667E+00	2.091975E+01	3.213584E+00	1.290620E+01	
3.033333E+00	2.101768E+01	3.248987E+00	1.292155E+01	
3.050000E+00	2.111497E+01	3.285034E+00	1.293809E+01	
3.066667E+00	2.121145E+01	3.321882E+00	1.295620E+01	
3.083333E+00	2.130697E+01	3.359693E+00	1.297628E+01	
3.100000E+00	2.141304E+01	3.386965E+00	1.298454E+01	
3.116667E+00	2.151046E+01	3.422869E+00	1.299904E+01	
3.133333E+00	2.160742E+01	3.459251E+00	1.301435E+01	
3.150000E+00	2.170373E+01	3.496270E+00	1.303088E+01	
3.166667E+00	2.179925E+01	3.534083E+00	1.304904E+01	
3.183333E+00	2.189382E+01	3.572849E+00	1.306922E+01	
3.200000E+00	2.199882E+01	3.601181E+00	1.307723E+01	
3.216667E+00	2.209527E+01	3.638059E+00	1.309168E+01	
3.233333E+00	2.219126E+01	3.675411E+00	1.310695E+01	
3.250000E+00	2.228661E+01	3.713393E+00	1.312348E+01	
3.266667E+00	2.238117E+01	3.752161E+00	1.314168E+01	
3.283333E+00	2.247479E+01	3.791872E+00	1.316196E+01	
3.300000E+00	2.257875E+01	3.821255E+00	1.316973E+01	
3.316667E+00	2.267424E+01	3.859097E+00	1.318412E+01	
3.333333E+00	2.276926E+01	3.897408E+00	1.319936E+01	
3.350000E+00	2.286366E+01	3.936344E+00	1.321588E+01	
3.366667E+00	2.295728E+01	3.976057E+00	1.323412E+01	
3.383333E+00	2.304996E+01	4.016705E+00	1.325449E+01	
3.400000E+00	2.315287E+01	4.047126E+00	1.326203E+01	
3.416667E+00	2.324741E+01	4.085924E+00	1.327636E+01	
3.433333E+00	2.334148E+01	4.125185E+00	1.329156E+01	
3.450000E+00	2.343494E+01	4.165064E+00	1.330808E+01	
3.466667E+00	2.352762E+01	4.205714E+00	1.332636E+01	
3.483333E+00	2.361938E+01	4.247288E+00	1.334683E+01	
3.500000E+00	2.372126E+01	4.278739E+00	1.335413E+01	
3.516667E+00	2.381485E+01	4.318481E+00	1.336840E+01	
3.533333E+00	2.390798E+01	4.358683E+00	1.338357E+01	
3.550000E+00	2.400050E+01	4.399497E+00	1.340009E+01	
3.566667E+00	2.409226E+01	4.441073E+00	1.341840E+01	
3.583333E+00	2.418310E+01	4.483565E+00	1.343897E+01	
3.600000E+00	2.428397E+01	4.516034E+00	1.344604E+01	
3.616667E+00	2.437662E+01	4.556712E+00	1.346026E+01	
3.633333E+00	2.446882E+01	4.597845E+00	1.347539E+01	
3.650000E+00	2.456042E+01	4.639584E+00	1.349190E+01	
3.666667E+00	2.465126E+01	4.682078E+00	1.351026E+01	
3.683333E+00	2.474119E+01	4.725478E+00	1.353091E+01	
3.700000E+00	2.484104E+01	4.758956E+00	1.353776E+01	
3.716667E+00	2.493277E+01	4.800560E+00	1.355192E+01	
3.733333E+00	2.502405E+01	4.842615E+00	1.356702E+01	
3.750000E+00	2.511473E+01	4.885269E+00	1.358353E+01	
3.766667E+00	2.520466E+01	4.928672E+00	1.360192E+01	
3.783333E+00	2.529370E+01	4.972971E+00	1.362266E+01	
3.800000E+00	2.539255E+01	5.007447E+00	1.362929E+01	
3.816667E+00	2.548336E+01	5.049969E+00	1.364339E+01	
3.833333E+00	2.557373E+01	5.092936E+00	1.365846E+01	
3.850000E+00	2.566350E+01	5.136497E+00	1.367496E+01	
3.866667E+00	2.575253E+01	5.180799E+00	1.369339E+01	
3.883333E+00	2.584068E+01	5.225988E+00	1.371423E+01	
3.900000E+00	2.593855E+01	5.261453E+00	1.372063E+01	
3.916667E+00	2.602845E+01	5.304882E+00	1.373468E+01	
3.933333E+00	2.611791E+01	5.348754E+00	1.374971E+01	
3.950000E+00	2.620679E+01	5.393212E+00	1.376621E+01	
3.966667E+00	2.629493E+01	5.438404E+00	1.378468E+01	
3.983333E+00	2.638219E+01	5.484474E+00	1.380560E+01	
4.000000E+00	2.647908E+01	5.520918E+00	1.381179E+01	
4.016667E+00	2.656809E+01	5.565246E+00	1.382578E+01	
4.033333E+00	2.665665E+01	5.610012E+00	1.384077E+01	
4.050000E+00	2.674464E+01	5.655359E+00	1.385727E+01	
4.066667E+00	2.683190E+01	5.701432E+00	1.387578E+01	
4.083333E+00	2.691829E+01	5.748375E+00	1.389679E+01	
4.100000E+00	2.701421E+01	5.785787E+00	1.390276E+01	
4.116667E+00	2.710233E+01	5.831006E+00	1.391669E+01	
4.133333E+00	2.719001E+01	5.876657E+00	1.393166E+01	
4.150000E+00	2.727712E+01	5.922884E+00	1.394815E+01	
4.166667E+00	2.736350E+01	5.969829E+00	1.396669E+01	
4.183333E+00	2.744903E+01	6.017636E+00	1.398780E+01	
4.200000E+00	2.754399E+01	6.056007E+00	1.399355E+01	
4.216667E+00	2.763123E+01	6.102107E+00	1.400743E+01	
4.233333E+00	2.771803E+01	6.148635E+00	1.402236E+01	
4.250000E+00	2.780427E+01	6.195732E+00	1.403885E+01	
4.266667E+00	2.788979E+01	6.243542E+00	1.405743E+01	
4.283333E+00	2.797446E+01	6.292204E+00	1.407862E+01	
4.300000E+00	2.806848E+01	6.331524E+00	1.408415E+01	
4.316667E+00	2.815484E+01	6.378496E+00	1.409798E+01	
4.333333E+00	2.824077E+01	6.425892E+00	1.411288E+01	
4.350000E+00	2.832615E+01	6.473852E+00	1.412937E+01	
4.366667E+00	2.841082E+01	6.522516E+00	1.414798E+01	
4.383333E+00	2.849464E+01	6.572025E+00	1.416926E+01	
4.400000E+00	2.858771E+01	6.612285E+00	1.417458E+01	
4.416667E+00	2.867321E+01	6.660120E+00	1.418836E+01	
4.433333E+00	2.875829E+01	6.708375E+00	1.420322E+01	
4.450000E+00	2.884281E+01	6.757189E+00	1.421971E+01	
4.466667E+00	2.892663E+01	6.806700E+00	1.423836E+01	
4.483333E+00	2.900962E+01	6.857047E+00	1.425972E+01	
4.500000E+00	2.910176E+01	6.898238E+00	1.426483E+01	
4.516667E+00	2.918641E+01	6.946928E+00	1.427856E+01	
4.533333E+00	2.927063E+01	6.996034E+00	1.429339E+01	
4.550000E+00	2.935431E+01	7.045692E+00	1.430987E+01	
4.566667E+00	2.943729E+01	7.096041E+00	1.432856E+01	
4.583333E+00	2.951945E+01	7.147218E+00	1.435000E+01	
4.600000E+00	2.961067E+01	7.189330E+00	1.435491E+01	
4.616667E+00	2.969447E+01	7.238867E+00	1.436858E+01	
4.633333E+00	2.977785E+01	7.288815E+00	1.438338E+01	
4.650000E+00	2.986069E+01	7.339310E+00	1.439986E+01	
4.666667E+00	2.994284E+01	7.390489E+00	1.441858E+01	
4.683333E+00	3.002418E+01	7.442487E+00	1.444011E+01	
4.700000E+00	3.011449E+01	7.485511E+00	1.444481E+01	
4.716667E+00	3.019745E+01	7.535885E+00	1.445844E+01	
4.733333E+00	3.028000E+01	7.586667E+00	1.447320E+01	
4.750000E+00	3.036201E+01	7.637991E+00	1.448968E+01	
4.766667E+00	3.044334E+01	7.689991E+00	1.450844E+01	
4.783333E+00	3.052386E+01	7.742802E+00	1.453005E+01	
4.800000E+00	3.061327E+01	7.786729E+00	1.453454E+01	
4.816667E+00	3.069540E+01	7.837933E+00	1.454812E+01	
4.833333E+00	3.077713E+01	7.889540E+00	1.456285E+01	
4.850000E+00	3.085832E+01	7.941684E+00	1.457932E+01	
4.866667E+00	3.093884E+01	7.994497E+00	1.459812E+01	
4.883333E+00	3.101855E+01	8.048113E+00	1.461981E+01	
4.900000E+00	3.110707E+01	8.092934E+00	1.462410E+01	
4.916667E+00	3.118837E+01	8.144959E+00	1.463763E+01	
4.933333E+00	3.126928E+01	8.197383E+00	1.465233E+01	
4.950000E+00	3.134966E+01	8.250339E+00	1.466880E+01	
4.966667E+00	3.142938E+01	8.303957E+00	1.468763E+01	
4.983333E+00	3.150830E+01	8.358371E+00	1.470940E+01	
5.000000E+00	3.159592E+01	8.404077E+00	1.471350E+01	
5.016667E+00	3.167642E+01	8.456915E+00	1.472697E+01	
5.033333E+00	3.175652E+01	8.510148E+00	1.474164E+01	
5.050000E+00	3.183609E+01	8.563907E+00	1.475811E+01	
5.066667E+00	3.191501E+01	8.618322E+00	1.477697E+01	
5.083333E+00	3.199314E+01	8.673525E+00	1.479883E+01	
5.100000E+00	3.207989E+01	8.720107E+00	1.480272E+01	
5.116667E+00	3.215958E+01	8.773750E+00	1.481615E+01	
5.133333E+00	3.223888E+01	8.827784E+00	1.483079E+01	
5.150000E+00	3.231766E+01	8.882339E+00	1.484725E+01	
5.166667E+00	3.239579E+01	8.937543E+00	1.486615E+01	
5.183333E+00	3.247314E+01	8.993527E+00	1.488808E+01	
5.200000E+00	3.255902E+01	9.040977E+00	1.489178E+01	
5.216667E+00	3.263792E+01	9.095416E+00	1.490516E+01	
5.233333E+00	3.271642E+01	9.150243E+00	1.491977E+01	
5.250000E+00	3.279441E+01	9.205585E+00	1.493623E+01	
5.266667E+00	3.287176E+01	9.261571E+00	1.495516E+01	
5.283333E+00	3.294834E+01	9.318328E+00	1.497717E+01	
5.300000E+00	3.303336E+01	9.366637E+00	1.498068E+01	
5.316667E+00	3.311147E+01	9.421865E+00	1.499401E+01	
5.333333E+00	3.318919E+01	9.477477E+00	1.500859E+01	
5.350000E+00	3.326640E+01	9.533599E+00	1.502505E+01	
5.366667E+00	3.334298E+01	9.590358E+00	1.504401E+01	
5.383333E+00	3.341879E+01	9.647880E+00	1.506610E+01	
5.400000E+00	3.350296E+01	9.697039E+00	1.506942E+01	
5.416667E+00	3.358028E+01	9.753048E+00	1.508270E+01	
5.433333E+00	3.365723E+01	9.809437E+00	1.509725E+01	
5.450000E+00	3.373367E+01	9.866332E+00	1.511371E+01	
5.466667E+00	3.380948E+01	9.923856E+00	1.513270E+01	
5.483333E+00	3.388453E+01	9.982137E+00	1.515487E+01	
5.500000E+00	3.396786E+01	1.003214E+01	1.515800E+01	
5.516667E+00	3.404441E+01	1.008892E+01	1.517123E+01	
5.533333E+00	3.412059E+01	1.014608E+01	1.518575E+01	
5.550000E+00	3.419626E+01	1.020374E+01	1.520220E+01	
5.566667E+00	3.427131E+01	1.026202E+01	1.522123E+01	
5.583333E+00	3.434562E+01	1.032105E+01	1.524347E+01	
5.600000E+00	3.442812E+01	1.037188E+01	1.524641E+01	
5.616667E+00	3.450390E+01	1.042943E+01	1.525960E+01	
5.633333E+00	3.457932E+01	1.048735E+01	1.527409E+01	
5.650000E+00	3.465423E+01	1.054577E+01	1.529054E+01	
5.666667E+00	3.472853E+01	1.060480E+01	1.530960E+01	
5.683333E+00	3.480209E+01	1.066457E+01	1.533192E+01	
5.700000E+00	3.488377E+01	1.071623E+01	1.533467E+01	
5.716667E+00	3.495880E+01	1.077454E+01	1.534782E+01	
5.733333E+00	3.503346E+01	1.083321E+01	1.536228E+01	
5.750000E+00	3.510762E+01	1.089238E+01	1.537873E+01	
5.766667E+00	3.518118E+01	1.095215E+01	1.539782E+01	
5.783333E+00	3.525401E+01	1.101266E+01	1.542021E+01	
5.800000E+00	3.533486E+01	1.106514E+01	1.542278E+01	
5.816667E+00	3.540914E+01	1.112419E+01	1.543588E+01	
5.833333E+00	3.548306E+01	1.118361E+01	1.545031E+01	
5.850000E+00	3.555648E+01	1.124352E+01	1.546676E+01	
5.866667E+00	3.562930E+01	1.130403E+01	1.548588E+01	
5.883333E+00	3.570140E+01	1.136527E+01	1.550834E+01	
5.900000E+00	3.578145E+01	1.141855E+01	1.551073E+01	
5.916667E+00	3.585499E+01	1.147835E+01	1.552378E+01	
5.933333E+00	3.592816E+01	1.153851E+01	1.553819E+01	
5.950000E+00	3.600085E+01	1.159915E+01	1.555463E+01	
5.966667E+00	3.607295E+01	1.166039E+01	1.557378E+01	
5.983333E+00	3.614432E+01	1.172235E+01	1.559632E+01	
6.000000E+00	3.622357E+01	1.177643E+01	1.559853E+01	
6.016667E+00	3.629637E+01	1.183696E+01	1.561154E+01	
6.033333E+00	3.636881E+01	1.189785E+01	1.562592E+01	
6.050000E+00	3.644078E+01	1.195922E+01	1.564236E+01	
6.066667E+00	3.651215E+01	1.202118E+01	1.566154E+01	
6.083333E+00	3.658281E+01	1.208385E+01	1.568415E+01	
6.100000E+00	3.666127E+01	1.213873E+01	1.568618E+01	
6.116667E+00	3.673334E+01	1.219999E+01	1.569914E+01	
6.133333E+00	3.680506E+01	1.226161E+01	1.571349E+01	
6.150000E+00	3.687631E+01	1.232369E+01	1.572993E+01	
6.166667E+00	3.694697E+01	1.238637E+01	1.574914E+01	
6.183333E+00	3.701692E+01	1.244974E+01	1.577183E+01	
6.200000E+00	3.709459E+01	1.250541E+01	1.577368E+01	
6.216667E+00	3.716595E+01	1.256739E+01	1.578660E+01	
6.233333E+00	3.723695E+01	1.262972E+01	1.580092E+01	
6.250000E+00	3.730748E+01	1.269252E+01	1.581736E+01	
6.266667E+00	3.737743E+01	1.275590E+01	1.583660E+01	
6.283333E+00	3.744669E+01	1.281998E+01	1.585935E+01	
6.300000E+00	3.752359E+01	1.287641E+01	1.586103E+01	
6.316667E+00	3.759422E+01	1.293911E+01	1.587391E+01	
6.333333E+00	3.766451E+01	1.300215E+01	1.588820E+01	
6.350000E+00	3.773434E+01	1.306566E+01	1.590463E+01	
6.366667E+00	3.780360E+01	1.312974E+01	1.592391E+01	
6.383333E+00	3.787216E+01	1.319451E+01	1.594673E+01	
6.400000E+00	3.794829E+01	1.325171E+01	1.594824E+01	
6.416667E+00	3.801822E+01	1.331511E+01	1.596107E+01	
6.433333E+00	3.808781E+01	1.337886E+01	1.597534E+01	
6.450000E+00	3.815694E+01	1.344306E+01	1.599177E+01	
6.466667E+00	3.822550E+01	1.350783E+01	1.601107E+01	
6.483333E+00	3.829338E+01	1.357329E+01	1.603397E+01	
6.500000E+00	3.836874E+01	1.363126E+01	1.603530E+01	
6.516667E+00	3.843797E+01	1.369536E+01	1.604809E+01	
6.533333E+00	3.850687E+01	1.375980E+01	1.606233E+01	
6.550000E+00	3.857531E+01	1.382469E+01	1.607876E+01	
6.566667E+00	3.864318E+01	1.389015E+01	1.609809E+01	
6.583333E+00	3.871038E+01	1.395629E+01	1.612105E+01	
6.600000E+00	3.878499E+01	1.401501E+01	1.612222E+01	
6.616667E+00	3.885353E+01	1.407980E+01	1.613496E+01	
6.633333E+00	3.892174E+01	1.414493E+01	1.614918E+01	
6.650000E+00	3.898949E+01	1.421051E+01	1.616560E+01	
6.666667E+00	3.905669E+01	1.427664E+01	1.618496E+01	
6.683333E+00	3.912322E+01	1.434345E+01	1.620800E+01	
6.700000E+00	3.919708E+01	1.440292E+01	1.620899E+01	
6.716667E+00	3.926494E+01	1.446840E+01	1.622170E+01	
6.733333E+00	3.933246E+01	1.453421E+01	1.623589E+01	
6.750000E+00	3.939954E+01	1.460046E+01	1.625231E+01	
6.766667E+00	3.946606E+01	1.466727E+01	1.627170E+01	
6.783333E+00	3.953192E+01	1.473474E+01	1.629480E+01	
6.800000E+00	3.960505E+01	1.479495E+01	1.629563E+01	
6.816667E+00	3.967223E+01	1.486110E+01	1.630829E+01	
6.833333E+00	3.973908E+01	1.492759E+01	1.632246E+01	
6.850000E+00	3.980548E+01	1.499452E+01	1.633887E+01	
6.866667E+00	3.987134E+01	1.506199E+01	1.635829E+01	
6.883333E+00	3.993655E+01	1.513012E+01	1.638146E+01	
6.900000E+00	4.000894E+01	1.519106E+01	1.638212E+01	
6.916667E+00	4.007545E+01	1.525789E+01	1.639475E+01	
6.933333E+00	4.014163E+01	1.532504E+01	1.640889E+01	
6.950000E+00	4.020737E+01	1.539263E+01	1.642530E+01	
6.966667E+00	4.027257E+01	1.546076E+01	1.644475E+01	
6.983333E+00	4.033712E+01	1.552954E+01	1.646798E+01	
7.000000E+00	4.040879E+01	1.559121E+01	1.646848E+01	
7.016667E+00	4.047463E+01	1.565870E+01	1.648107E+01	
7.033333E+00	4.054015E+01	1.572652E+01	1.649518E+01	
7.050000E+00	4.060524E+01	1.579476E+01	1.651159E+01	
7.066667E+00	4.066979E+01	1.586355E+01	1.653107E+01	
7.083333E+00	4.073369E+01	1.593297E+01	1.655437E+01	
7.100000E+00	4.080465E+01	1.599535E+01	1.655470E+01	
7.116667E+00	4.086983E+01	1.606350E+01	1.656725E+01	
7.133333E+00	4.093469E+01	1.613198E+01	1.658134E+01	
7.150000E+00	4.099913E+01	1.620087E+01	1.659775E+01	
7.166667E+00	4.106303E+01	1.627030E+01	1.661725E+01	
7.183333E+00	4.112630E+01	1.634037E+01	1.664061E+01	
7.200000E+00	4.119654E+01	1.640346E+01	1.664079E+01	
7.216667E+00	4.126107E+01	1.647226E+01	1.665330E+01	
7.233333E+00	4.132529E+01	1.654138E+01	1.666736E+01	
7.250000E+00	4.138908E+01	1.661092E+01	1.668377E+01	
7.266667E+00	4.145234E+01	1.668099E+01	1.670330E+01	
7.283333E+00	4.151498E+01	1.675169E+01	1.672673E+01	
7.300000E+00	4.158452E+01	1.681548E+01	1.672675E+01	
7.316667E+00	4.164841E+01	1.688493E+01	1.673921E+01	
7.333333E+00	4.171198E+01	1.695469E+01	1.675325E+01	
7.350000E+00	4.177513E+01	1.702487E+01	1.676966E+01	
7.366667E+00	4.183776E+01	1.709557E+01	1.678921E+01	
7.383333E+00	4.189977E+01	1.716690E+01	1.681270E+01	
7.400000E+00	4.196862E+01	1.723138E+01	1.681257E+01	
7.416667E+00	4.203187E+01	1.730147E+01	1.682499E+01	
7.433333E+00	4.209480E+01	1.737187E+01	1.683901E+01	
7.450000E+00	4.215732E+01	1.744268E+01	1.685541E+01	
7.466667E+00	4.221933E+01	1.751400E+01	1.687499E+01	
7.483333E+00	4.228072E+01	1.758595E+01	1.689855E+01	
7.500000E+00	4.234888E+01	1.765112E+01	1.689826E+01	
7.516667E+00	4.241149E+01	1.772184E+01	1.691065E+01	
7.533333E+00	4.247380E+01	1.779287E+01	1.692464E+01	
7.550000E+00	4.253569E+01	1.786431E+01	1.694104E+01	
7.566667E+00	4.259708E+01	1.793625E+01	1.696065E+01	
7.583333E+00	4.265785E+01	1.800881E+01	1.698426E+01	
7.600000E+00	4.272533E+01	1.807467E+01	1.698382E+01	
7.616667E+00	4.278732E+01	1.814601E+01	1.699617E+01	
7.633333E+00	4.284900E+01	1.821766E+01	1.701014E+01	
7.650000E+00	4.291028E+01	1.828972E+01	1.702653E+01	
7.666667E+00	4.297105E+01	1.836228E+01	1.704617E+01	
7.683333E+00	4.303122E+01	1.843545E+01	1.706985E+01	
7.700000E+00	4.309803E+01	1.850197E+01	1.706925E+01	
7.716667E+00	4.315939E+01	1.857394E+01	1.708156E+01	
7.733333E+00	4.322046E+01	1.864621E+01	1.709551E+01	
7.750000E+00	4.328113E+01	1.871887E+01	1.711190E+01	
7.766667E+00	4.334129E+01	1.879204E+01	1.713156E+01	
7.783333E+00	4.340086E+01	1.886581E+01	1.715531E+01	
7.800000E+00	4.346699E+01	1.893301E+01	1.715456E+01	
7.816667E+00	4.352775E+01	1.900559E+01	1.716683E+01	
7.833333E+00	4.358820E+01	1.907847E+01	1.718075E+01	
7.850000E+00	4.364826E+01	1.915174E+01	1.719715E+01	
7.866667E+00	4.370782E+01	1.922551E+01	1.721683E+01	
7.883333E+00	4.376679E+01	1.929987E+01	1.724063E+01	
7.900000E+00	4.383227E+01	1.936773E+01	1.723974E+01	
7.916667E+00	4.389241E+01	1.944092E+01	1.725198E+01	
7.933333E+00	4.395227E+01	1.951440E+01	1.726587E+01	
7.950000E+00	4.401172E+01	1.958828E+01	1.728226E+01	
7.966667E+00	4.407069E+01	1.966264E+01	1.730198E+01	
7.983333E+00	4.412907E+01	1.973760E+01	1.732584E+01	
8.000000E+00	4.419389E+01	1.980611E+01	1.732479E+01	
8.016667E+00	4.425344E+01	1.987990E+01	1.733699E+01	
8.033333E+00	4.431269E+01	1.995398E+01	1.735087E+01	
8.050000E+00	4.437155E+01	2.002845E+01	1.736726E+01	
8.066667E+00	4.442993E+01	2.010340E+01	1.738699E+01	
8.083333E+00	4.448773E+01	2.017894E+01	1.741092E+01	
8.100000E+00	4.455190E+01	2.024810E+01	1.740972E+01	
8.116667E+00	4.461085E+01	2.032248E+01	1.742189E+01	
8.133333E+00	4.466951E+01	2.039716E+01	1.743574E+01	
8.150000E+00	4.472779E+01	2.047221E+01	1.745213E+01	
8.166667E+00	4.478558E+01	2.054775E+01	1.747189E+01	
8.183333E+00	4.484280E+01	2.062387E+01	1.749587E+01	
8.200000E+00	4.490633E+01	2.069367E+01	1.749453E+01	
8.216667E+00	4.496469E+01	2.076864E+01	1.750666E+01	
8.233333E+00	4.502276E+01	2.084390E+01	1.752050E+01	
8.250000E+00	4.508046E+01	2.091954E+01	1.753688E+01	
8.266667E+00	4.513767E+01	2.099566E+01	1.755666E+01	
8.283333E+00	4.519432E+01	2.107235E+01	1.758070E+01	
8.300000E+00	4.525721E+01	2.114279E+01	1.757922E+01	
8.316667E+00	4.531499E+01	2.121834E+01	1.759132E+01	
8.333333E+00	4.537248E+01	2.129418E+01	1.760513E+01	
8.350000E+00	4.542960E+01	2.137040E+01	1.762151E+01	
8.366667E+00	4.548624E+01	2.144709E+01	1.764132E+01	
8.383333E+00	4.554232E+01	2.152434E+01	1.766541E+01	
8.400000E+00	4.560459E+01	2.159541E+01	1.766379E+01	
8.416667E+00	4.566179E+01	2.167154E+01	1.767585E+01	
8.433333E+00	4.571871E+01	2.174796E+01	1.768964E+01	
8.450000E+00	4.577525E+01	2.182475E+01	1.770602E+01	
8.466667E+00	4.583133E+01	2.190200E+01	1.772585E+01	
8.483333E+00	4.588685E+01	2.197982E+01	1.775001E+01	
8.500000E+00	4.594850E+01	2.205150E+01	1.774824E+01	
8.516667E+00	4.600512E+01	2.212821E+01	1.776027E+01	
8.533333E+00	4.606147E+01	2.220520E+01	1.777403E+01	
8.550000E+00	4.611745E+01	2.228255E+01	1.779041E+01	
8.566667E+00	4.617297E+01	2.236037E+01	1.781027E+01	
8.583333E+00	4.622793E+01	2.243873E+01	1.783448E+01	
8.600000E+00	4.628896E+01	2.251104E+01	1.783258E+01	
8.616667E+00	4.634502E+01	2.258831E+01	1.784457E+01	
8.633333E+00	4.640081E+01	2.266586E+01	1.785831E+01	
8.650000E+00	4.645623E+01	2.274377E+01	1.787469E+01	
8.666667E+00	4.651119E+01	2.282214E+01	1.789457E+01	
8.683333E+00	4.656560E+01	2.290106E+01	1.791883E+01	
8.700000E+00	4.662602E+01	2.297398E+01	1.791680E+01	
8.716667E+00	4.668152E+01	2.305181E+01	1.792875E+01	
8.733333E+00	4.673675E+01	2.312992E+01	1.794248E+01	
8.750000E+00	4.679161E+01	2.320839E+01	1.795885E+01	
8.766667E+00	4.684603E+01	2.328731E+01	1.797875E+01	
8.783333E+00	4.689990E+01	2.336677E+01	1.800307E+01	
8.800000E+00	4.695971E+01	2.344029E+01	1.800090E+01	
8.816667E+00	4.701466E+01	2.351868E+01	1.801282E+01	
8.833333E+00	4.706933E+01	2.359733E+01	1.802652E+01	
8.850000E+00	4.712365E+01	2.367635E+01	1.804289E+01	
8.866667E+00	4.717752E+01	2.375581E+01	1.806282E+01	
8.883333E+00	4.723085E+01	2.383582E+01	1.808720E+01	
8.900000E+00	4.729007E+01	2.390993E+01	1.808489E+01	
8.916667E+00	4.734446E+01	2.398887E+01	1.809678E+01	
8.933333E+00	4.739859E+01	2.406808E+01	1.811046E+01	
8.950000E+00	4.745237E+01	2.414763E+01	1.812683E+01	
8.966667E+00	4.750570E+01	2.422764E+01	1.814678E+01	
8.983333E+00	4.755849E+01	2.430817E+01	1.817121E+01	
9.000000E+00	4.761712E+01	2.438288E+01	1.816877E+01	
9.016667E+00	4.767097E+01	2.446236E+01	1.818062E+01	
9.033333E+00	4.772456E+01	2.454211E+01	1.819428E+01	
9.050000E+00	4.777779E+01	2.462221E+01	1.821065E+01	
9.066667E+00	4.783059E+01	2.470274E+01	1.823062E+01	
9.083333E+00	4.788286E+01	2.478381E+01	1.825511E+01	
9.100000E+00	4.794090E+01	2.485910E+01	1.825253E+01	
9.116667E+00	4.799421E+01	2.493912E+01	1.826435E+01	
9.133333E+00	4.804726E+01	2.501940E+01	1.827799E+01	
9.150000E+00	4.809997E+01	2.510003E+01	1.829436E+01	
9.166667E+00	4.815224E+01	2.518110E+01	1.831435E+01	
9.183333E+00	4.820399E+01	2.526268E+01	1.833889E+01	
9.200000E+00	4.826144E+01	2.533856E+01	1.833619E+01	
9.216667E+00	4.831422E+01	2.541911E+01	1.834798E+01	
9.233333E+00	4.836675E+01	2.549992E+01	1.836160E+01	
9.250000E+00	4.841892E+01	2.558108E+01	1.837796E+01	
9.266667E+00	4.847067E+01	2.566266E+01	1.839798E+01	
9.283333E+00	4.852190E+01	2.574477E+01	1.842257E+01	
9.300000E+00	4.857878E+01	2.582122E+01	1.841973E+01	
9.316667E+00	4.863103E+01	2.590230E+01	1.843149E+01	
9.333333E+00	4.868303E+01	2.598364E+01	1.844509E+01	
9.350000E+00	4.873469E+01	2.606531E+01	1.846145E+01	
9.366667E+00	4.878592E+01	2.614742E+01	1.848149E+01	
9.383333E+00	4.883663E+01	2.623003E+01	1.850613E+01	
9.400000E+00	4.889295E+01	2.630705E+01	1.850317E+01	
9.416667E+00	4.894468E+01	2.638866E+01	1.851490E+01	
9.433333E+00	4.899615E+01	2.647051E+01	1.852848E+01	
9.450000E+00	4.904729E+01	2.655271E+01	1.854483E+01	
9.466667E+00	4.909801E+01	2.663532E+01	1.856490E+01	
9.483333E+00	4.914822E+01	2.671845E+01	1.858959E+01	
9.500000E+00	4.920397E+01	2.679603E+01	1.858650E+01	
9.516667E+00	4.925519E+01	2.687815E+01	1.859820E+01	
9.533333E+00	4.930615E+01	2.696052E+01	1.861176E+01	
9.550000E+00	4.935678E+01	2.704322E+01	1.862811E+01	
9.566667E+00	4.940698E+01	2.712635E+01	1.864820E+01	
9.583333E+00	4.945669E+01	2.720997E+01	1.867294E+01	
9.600000E+00	4.951189E+01	2.728811E+01	1.866972E+01	
9.616667E+00	4.956259E+01	2.737074E+01	1.868139E+01	
9.633333E+00	4.961304E+01	2.745363E+01	1.869493E+01	
9.650000E+00	4.966316E+01	2.753684E+01	1.871128E+01	
9.666667E+00	4.971287E+01	2.762046E+01	1.873139E+01	
9.683333E+00	4.976208E+01	2.770458E+01	1.875618E+01	
9.700000E+00	4.981672E+01	2.778328E+01	1.875284E+01	
9.716667E+00	4.986692E+01	2.786642E+01	1.876448E+01	
9.733333E+00	4.991687E+01	2.794980E+01	1.877800E+01	
9.750000E+00	4.996649E+01	2.803351E+01	1.879435E+01	
9.766667E+00	5.001570E+01	2.811764E+01	1.881448E+01	
9.783333E+00	5.006442E+01	2.820225E+01	1.883932E+01	
9.800000E+00	5.011851E+01	2.828149E+01	1.883586E+01	
9.816667E+00	5.016820E+01	2.836513E+01	1.884746E+01	
9.833333E+00	5.021765E+01	2.844901E+01	1.886096E+01	
9.850000E+00	5.026678E+01	2.853322E+01	1.887731E+01	
9.866667E+00	5.031550E+01	2.861784E+01	1.889746E+01	
9.883333E+00	5.036373E+01	2.870294E+01	1.892236E+01	
9.900000E+00	5.041728E+01	2.878272E+01	1.891877E+01	
9.916667E+00	5.046648E+01	2.886685E+01	1.893034E+01	
9.933333E+00	5.051543E+01	2.895123E+01	1.894383E+01	
9.950000E+00	5.056407E+01	2.903593E+01	1.896018E+01	
9.966667E+00	5.061230E+01	2.912104E+01	1.898034E+01	
9.983333E+00	5.066005E+01	2.920662E+01	1.900529E+01	
1.000000E+01	5.071307E+01	2.928693E+01	1.900158E+01	
1.001667E+01	5.076177E+01	2.937156E+01	1.901313E+01	
1.003333E+01	5.081024E+01	2.945643E+01	1.902659E+01	
1.005000E+01	5.085838E+01	2.954162E+01	1.904294E+01	
1.006667E+01	5.090613E+01	2.962720E+01	1.906313E+01	
1.008333E+01	5.095340E+01	2.971326E+01	1.908812E+01	
1.010000E+01	5.100589E+01	2.979411E+01	1.908429E+01	
1.011667E+01	5.105411E+01	2.987922E+01	1.909581E+01	
1.013333E+01	5.110209E+01	2.996458E+01	1.910925E+01	
1.015000E+01	5.114976E+01	3.005024E+01	1.912560E+01	
1.016667E+01	5.119703E+01	3.013631E+01	1.914581E+01	
1.018333E+01	5.124383E+01	3.022284E+01	1.917085E+01	
1.020000E+01	5.129579E+01	3.030421E+01	1.916690E+01	
1.021667E+01	5.134353E+01	3.038981E+01	1.917839E+01	
1.023333E+01	5.139103E+01	3.047564E+01	1.919181E+01	
1.025000E+01	5.143822E+01	3.056178E+01	1.920816E+01	
1.026667E+01	5.148501E+01	3.064832E+01	1.922839E+01	
1.028333E+01	5.153135E+01	3.073532E+01	1.925347E+01	
1.030000E+01	5.158279E+01	3.081721E+01	1.924941E+01	
1.031667E+01	5.163005E+01	3.090328E+01	1.926087E+01	
1.033333E+01	5.167707E+01	3.098959E+01	1.927428E+01	
1.035000E+01	5.172379E+01	3.107621E+01	1.929062E+01	
1.036667E+01	5.177012E+01	3.116321E+01	1.931087E+01	
1.038333E+01	5.181599E+01	3.125067E+01	1.933600E+01	
1.040000E+01	5.186692E+01	3.133308E+01	1.933183E+01	
1.041667E+01	5.191371E+01	3.141963E+01	1.934325E+01	
1.043333E+01	5.196026E+01	3.150640E+01	1.935665E+01	
1.045000E+01	5.200651E+01	3.159349E+01	1.937299E+01	
1.046667E+01	5.205238E+01	3.168095E+01	1.939325E+01	
1.048333E+01	5.209779E+01	3.176888E+01	1.941843E+01	
1.050000E+01	5.214821E+01	3.185179E+01	1.941414E+01	
1.051667E+01	5.219453E+01	3.193880E+01	1.942554E+01	
1.053333E+01	5.224062E+01	3.202605E+01	1.943892E+01	
1.055000E+01	5.228641E+01	3.211359E+01	1.945525E+01	
1.056667E+01	5.233181E+01	3.220152E+01	1.947554E+01	
1.058333E+01	5.237677E+01	3.228990E+01	1.950077E+01	
1.060000E+01	5.242669E+01	3.237331E+01	1.949636E+01	
1.061667E+01	5.247254E+01	3.246079E+01	1.950774E+01	
1.063333E+01	5.251817E+01	3.254850E+01	1.952109E+01	
1.065000E+01	5.256350E+01	3.263650E+01	1.953743E+01	
1.066667E+01	5.260846E+01	3.272488E+01	1.955774E+01	
1.068333E+01	5.265296E+01	3.281370E+01	1.958301E+01	
1.070000E+01	5.270238E+01	3.289762E+01	1.957849E+01	
1.071667E+01	5.274778E+01	3.298556E+01	1.958983E+01	
1.073333E+01	5.279295E+01	3.307372E+01	1.960317E+01	
1.075000E+01	5.283783E+01	3.316217E+01	1.961951E+01	
1.076667E+01	5.288233E+01	3.325100E+01	1.963983E+01	
1.078333E+01	5.292639E+01	3.334027E+01	1.966515E+01	
1.080000E+01	5.297532E+01	3.342468E+01	1.966052E+01	
1.081667E+01	5.302026E+01	3.351307E+01	1.967184E+01	
1.083333E+01	5.306498E+01	3.360169E+01	1.968516E+01	
1.085000E+01	5.310941E+01	3.369059E+01	1.970149E+01	
1.086667E+01	5.315347E+01	3.377987E+01	1.972184E+01	
1.088333E+01	5.319709E+01	3.386958E+01	1.974720E+01	
1.090000E+01	5.324552E+01	3.395448E+01	1.974246E+01	
1.091667E+01	5.329002E+01	3.404332E+01	1.975375E+01	
1.093333E+01	5.333429E+01	3.413238E+01	1.976705E+01	
1.095000E+01	5.337827E+01	3.422173E+01	1.978338E+01	
1.096667E+01	5.342189E+01	3.431144E+01	1.980375E+01	
1.098333E+01	5.346508E+01	3.440159E+01	1.982916E+01	
1.100000E+01	5.351303E+01	3.448697E+01	1.982431E+01	
1.101667E+01	5.355708E+01	3.457626E+01	1.983557E+01	
1.103333E+01	5.360091E+01	3.466576E+01	1.984886E+01	
1.105000E+01	5.364445E+01	3.475555E+01	1.986519E+01	
1.106667E+01	5.368764E+01	3.484570E+01	1.988557E+01	
1.108333E+01	5.373039E+01	3.493628E+01	1.991102E+01	
1.110000E+01	5.377786E+01	3.502214E+01	1.990606E+01	
1.111667E+01	5.382147E+01	3.511187E+01	1.991730E+01	
1.113333E+01	5.386486E+01	3.520181E+01	1.993057E+01	
1.115000E+01	5.390797E+01	3.529203E+01	1.994690E+01	
1.116667E+01	5.395072E+01	3.538261E+01	1.996730E+01	
1.118333E+01	5.399305E+01	3.547362E+01	1.999279E+01	
1.120000E+01	5.404004E+01	3.555996E+01	1.998773E+01	
1.121667E+01	5.408321E+01	3.565012E+01	1.999894E+01	
1.123333E+01	5.412617E+01	3.574049E+01	2.001219E+01	
1.125000E+01	5.416885E+01	3.583115E+01	2.002852E+01	
1.126667E+01	5.421118E+01	3.592216E+01	2.004894E+01	
1.128333E+01	5.425308E+01	3.601359E+01	2.007447E+01	
1.130000E+01	5.429960E+01	3.610040E+01	2.006930E+01	
1.131667E+01	5.434234E+01	3.619099E+01	2.008049E+01	
1.133333E+01	5.438487E+01	3.628179E+01	2.009372E+01	
1.135000E+01	5.442712E+01	3.637288E+01	2.011005E+01	
1.136667E+01	5.446903E+01	3.646431E+01	2.013049E+01	
1.138333E+01	5.451051E+01	3.655616E+01	2.015607E+01	
1.140000E+01	5.455657E+01	3.664343E+01	2.015079E+01	
1.141667E+01	5.459888E+01	3.673445E+01	2.016195E+01	
1.143333E+01	5.464099E+01	3.682568E+01	2.017517E+01	
1.145000E+01	5.468282E+01	3.691718E+01	2.019149E+01	
1.146667E+01	5.472430E+01	3.700904E+01	2.021195E+01	
1.148333E+01	5.476537E+01	3.710130E+01	2.023757E+01	
1.150000E+01	5.481097E+01	3.718903E+01	2.023219E+01	
1.151667E+01	5.485286E+01	3.728048E+01	2.024332E+01	
1.153333E+01	5.489454E+01	3.737213E+01	2.025653E+01	
1.155000E+01	5.493595E+01	3.746405E+01	2.027285E+01	
1.156667E+01	5.497702E+01	3.755632E+01	2.029332E+01	
1.158333E+01	5.501768E+01	3.764899E+01	2.031899E+01	
1.160000E+01	5.506282E+01	3.773718E+01	2.031351E+01	
1.161667E+01	5.510429E+01	3.782904E+01	2.032461E+01	
1.163333E+01	5.514556E+01	3.792111E+01	2.033780E+01	
1.165000E+01	5.518655E+01	3.801345E+01	2.035412E+01	
1.166667E+01	5.522721E+01	3.810612E+01	2.037461E+01	
1.168333E+01	5.526746E+01	3.819920E+01	2.040032E+01	
1.170000E+01	5.531216E+01	3.828784E+01	2.039473E+01	
1.171667E+01	5.535321E+01	3.838012E+01	2.040581E+01	
1.173333E+01	5.539407E+01	3.847260E+01	2.041899E+01	
1.175000E+01	5.543465E+01	3.856535E+01	2.043530E+01	
1.176667E+01	5.547490E+01	3.865843E+01	2.045581E+01	
1.178333E+01	5.551475E+01	3.875191E+01	2.048156E+01	
1.180000E+01	5.555900E+01	3.884100E+01	2.047587E+01	
1.181667E+01	5.559964E+01	3.893369E+01	2.048693E+01	
1.183333E+01	5.564009E+01	3.902658E+01	2.050009E+01	
1.185000E+01	5.568027E+01	3.911973E+01	2.051640E+01	
1.186667E+01	5.572012E+01	3.921322E+01	2.053693E+01	
1.188333E+01	5.575957E+01	3.930710E+01	2.056272E+01	
1.190000E+01	5.580337E+01	3.939663E+01	2.055693E+01	
1.191667E+01	5.584361E+01	3.948972E+01	2.056796E+01	
1.193333E+01	5.588365E+01	3.958301E+01	2.058111E+01	
1.195000E+01	5.592343E+01	3.967657E+01	2.059742E+01	
1.196667E+01	5.596288E+01	3.977045E+01	2.061796E+01	
1.198333E+01	5.600194E+01	3.986473E+01	2.064379E+01	
1.200000E+01	5.604530E+01	3.995470E+01	2.063791E+01	
1.201667E+01	5.608514E+01	4.004819E+01	2.064891E+01	
1.203333E+01	5.612478E+01	4.014189E+01	2.066204E+01	
1.205000E+01	5.616416E+01	4.023584E+01	2.067835E+01	
1.206667E+01	5.620322E+01	4.033012E+01	2.069891E+01	
1.208333E+01	5.624188E+01	4.042478E+01	2.072478E+01	
1.210000E+01	5.628481E+01	4.051519E+01	2.071880E+01	
1.211667E+01	5.632425E+01	4.060908E+01	2.072978E+01	
1.213333E+01	5.636350E+01	4.070317E+01	2.074289E+01	
1.215000E+01	5.640248E+01	4.079752E+01	2.075921E+01	
1.216667E+01	5.644115E+01	4.089218E+01	2.077978E+01	
1.218333E+01	5.647943E+01	4.098724E+01	2.080569E+01	
1.220000E+01	5.652193E+01	4.107807E+01	2.079961E+01	
1.221667E+01	5.656098E+01	4.117236E+01	2.081057E+01	
1.223333E+01	5.659983E+01	4.126684E+01	2.082367E+01	
1.225000E+01	5.663842E+01	4.136158E+01	2.083998E+01	
1.226667E+01	5.667670E+01	4.145663E+01	2.086057E+01	
1.228333E+01	5.671460E+01	4.155207E+01	2.088651E+01	
1.230000E+01	5.675668E+01	4.164332E+01	2.088034E+01	
1.231667E+01	5.679533E+01	4.173800E+01	2.089127E+01	
1.233333E+01	5.683380E+01	4.183287E+01	2.090436E+01	
1.235000E+01	5.687201E+01	4.192799E+01	2.092067E+01	
1.236667E+01	5.690990E+01	4.202343E+01	2.094127E+01	
1.238333E+01	5.694742E+01	4.211925E+01	2.096726E+01	
1.240000E+01	5.698908E+01	4.221092E+01	2.096099E+01	
1.241667E+01	5.702734E+01	4.230599E+01	2.097190E+01	
1.243333E+01	5.706542E+01	4.240124E+01	2.098497E+01	
1.245000E+01	5.710325E+01	4.249675E+01	2.100128E+01	
1.246667E+01	5.714077E+01	4.259256E+01	2.102190E+01	
1.248333E+01	5.717791E+01	4.268875E+01	2.104792E+01	
1.250000E+01	5.721915E+01	4.278085E+01	2.104156E+01	
1.251667E+01	5.725704E+01	4.287630E+01	2.105245E+01	
1.253333E+01	5.729474E+01	4.297193E+01	2.106550E+01	
1.255000E+01	5.733219E+01	4.306781E+01	2.108181E+01	
1.256667E+01	5.736933E+01	4.316401E+01	2.110245E+01	
1.258333E+01	5.740610E+01	4.326057E+01	2.112851E+01	
1.260000E+01	5.744693E+01	4.335307E+01	2.112205E+01	
1.261667E+01	5.748443E+01	4.344890E+01	2.113292E+01	
1.263333E+01	5.752175E+01	4.354491E+01	2.114596E+01	
1.265000E+01	5.755883E+01	4.364117E+01	2.116226E+01	
1.266667E+01	5.759560E+01	4.373773E+01	2.118292E+01	
1.268333E+01	5.763201E+01	4.383466E+01	2.120901E+01	
1.270000E+01	5.767243E+01	4.392757E+01	2.120247E+01	
1.271667E+01	5.770956E+01	4.402378E+01	2.121331E+01	
1.273333E+01	5.774650E+01	4.412016E+01	2.122634E+01	
1.275000E+01	5.778321E+01	4.421679E+01	2.124264E+01	
1.276667E+01	5.781961E+01	4.431372E+01	2.126331E+01	
1.278333E+01	5.785565E+01	4.441101E+01	2.128944E+01	
1.280000E+01	5.789567E+01	4.450433E+01	2.128281E+01	
1.281667E+01	5.793243E+01	4.460091E+01	2.129363E+01	
1.283333E+01	5.796901E+01	4.469766E+01	2.130664E+01	
1.285000E+01	5.800534E+01	4.479466E+01	2.132294E+01	
1.286667E+01	5.804138E+01	4.489195E+01	2.134363E+01	
1.288333E+01	5.807706E+01	4.498960E+01	2.136980E+01	
1.290000E+01	5.811668E+01	4.508332E+01	2.136307E+01	
1.291667E+01	5.815307E+01	4.518026E+01	2.137386E+01	
1.293333E+01	5.818928E+01	4.527738E+01	2.138686E+01	
1.295000E+01	5.822526E+01	4.537474E+01	2.140316E+01	
1.296667E+01	5.826094E+01	4.547240E+01	2.142386E+01	
1.298333E+01	5.829626E+01	4.557041E+01	2.145007E+01	
1.300000E+01	5.833548E+01	4.566452E+01	2.144325E+01	
1.301667E+01	5.837151E+01	4.576183E+01	2.145403E+01	
1.303333E+01	5.840736E+01	4.585931E+01	2.146701E+01	
1.305000E+01	5.844297E+01	4.595703E+01	2.148331E+01	
1.306667E+01	5.847830E+01	4.605504E+01	2.150403E+01	
1.308333E+01	5.851327E+01	4.615340E+01	2.153027E+01	
1.310000E+01	5.855209E+01	4.624791E+01	2.152337E+01	
1.311667E+01	5.858776E+01	4.634557E+01	2.153412E+01	
1.313333E+01	5.862325E+01	4.644341E+01	2.154709E+01	
1.315000E+01	5.865851E+01	4.654149E+01	2.156339E+01	
1.316667E+01	5.869348E+01	4.663985E+01	2.158412E+01	
1.318333E+01	5.872810E+01	4.673857E+01	2.161040E+01	
1.320000E+01	5.876654E+01	4.683346E+01	2.160340E+01	
1.321667E+01	5.880185E+01	4.693148E+01	2.161414E+01	
1.323333E+01	5.883699E+01	4.702968E+01	2.162709E+01	
1.325000E+01	5.887190E+01	4.712810E+01	2.164339E+01	
1.326667E+01	5.890652E+01	4.722682E+01	2.166414E+01	
1.328333E+01	5.894079E+01	4.732588E+01	2.169045E+01	
1.330000E+01	5.897884E+01	4.742116E+01	2.168337E+01	
1.331667E+01	5.901380E+01	4.751953E+01	2.169408E+01	
1.333333E+01	5.904859E+01	4.761808E+01	2.170702E+01	
1.335000E+01	5.908315E+01	4.771685E+01	2.172332E+01	
1.336667E+01	5.911742E+01	4.781591E+01	2.174408E+01	
1.338333E+01	5.915135E+01	4.791532E+01	2.177043E+01	
1.340000E+01	5.918902E+01	4.801098E+01	2.176326E+01	
1.341667E+01	5.922363E+01	4.810970E+01	2.177395E+01	
1.343333E+01	5.925807E+01	4.820859E+01	2.178688E+01	
1.345000E+01	5.929228E+01	4.830772E+01	2.180317E+01	
1.346667E+01	5.932621E+01	4.840712E+01	2.182395E+01	
1.348333E+01	5.935981E+01	4.850686E+01	2.185033E+01	
1.350000E+01	5.939710E+01	4.860290E+01	2.184308E+01	
1.351667E+01	5.943137E+01	4.870197E+01	2.185375E+01	
1.353333E+01	5.946546E+01	4.880121E+01	2.186667E+01	
1.355000E+01	5.949933E+01	4.890067E+01	2.188296E+01	
1.356667E+01	5.953292E+01	4.900041E+01	2.190375E+01	
1.358333E+01	5.956618E+01	4.910049E+01	2.193017E+01	
1.360000E+01	5.960310E+01	4.919690E+01	2.192283E+01	
1.361667E+01	5.963702E+01	4.929631E+01	2.193348E+01	
1.363333E+01	5.967078E+01	4.939589E+01	2.194638E+01	
1.365000E+01	5.970431E+01	4.949569E+01	2.196267E+01	
1.366667E+01	5.973756E+01	4.959577E+01	2.198348E+01	
1.368333E+01	5.977049E+01	4.969618E+01	2.200993E+01	
1.370000E+01	5.980704E+01	4.979296E+01	2.200251E+01	
1.371667E+01	5.984062E+01	4.989271E+01	2.201314E+01	
1.373333E+01	5.987404E+01	4.999263E+01	2.202603E+01	
1.375000E+01	5.990723E+01	5.009277E+01	2.204232E+01	
1.376667E+01	5.994016E+01	5.019318E+01	2.206314E+01	
1.378333E+01	5.997275E+01	5.029392E+01	2.208962E+01	
1.380000E+01	6.000894E+01	5.039106E+01	2.208212E+01	
1.381667E+01	6.004219E+01	5.049115E+01	2.209273E+01	
1.383333E+01	6.007527E+01	5.059140E+01	2.210561E+01	
1.385000E+01	6.010813E+01	5.069187E+01	2.212189E+01	
1.386667E+01	6.014073E+01	5.079261E+01	2.214273E+01	
1.388333E+01	6.017299E+01	5.089367E+01	2.216924E+01	
1.390000E+01	6.020882E+01	5.099118E+01	2.216166E+01	
1.391667E+01	6.024174E+01	5.109160E+01	2.217225E+01	
1.393333E+01	6.027449E+01	5.119218E+01	2.218511E+01	
1.395000E+01	6.030702E+01	5.129298E+01	2.220140E+01	
1.396667E+01	6.033929E+01	5.139404E+01	2.222225E+01	
1.398333E+01	6.037124E+01	5.149543E+01	2.224880E+01	
1.400000E+01	6.040671E+01	5.159329E+01	2.224114E+01	
1.401667E+01	6.043929E+01	5.169404E+01	2.225170E+01	
1.403333E+01	6.047171E+01	5.179495E+01	2.226456E+01	
1.405000E+01	6.050392E+01	5.189608E+01	2.228084E+01	
1.406667E+01	6.053587E+01	5.199747E+01	2.230170E+01	
1.408333E+01	6.056749E+01	5.209917E+01	2.232828E+01	
1.410000E+01	6.060261E+01	5.219739E+01	2.232054E+01	
1.411667E+01	6.063487E+01	5.229847E+01	2.233109E+01	
1.413333E+01	6.066697E+01	5.239970E+01	2.234393E+01	
1.415000E+01	6.069886E+01	5.250114E+01	2.236021E+01	
1.416667E+01	6.073048E+01	5.260285E+01	2.238109E+01	
1.418333E+01	6.076179E+01	5.270488E+01	2.240770E+01	
1.420000E+01	6.079656E+01	5.280344E+01	2.239988E+01	
1.421667E+01	6.082849E+01	5.290484E+01	2.241041E+01	
1.423333E+01	6.086027E+01	5.300640E+01	2.242324E+01	
1.425000E+01	6.089184E+01	5.310816E+01	2.243952E+01	
1.426667E+01	6.092315E+01	5.321019E+01	2.246041E+01	
1.428333E+01	6.095414E+01	5.331252E+01	2.248705E+01	
1.430000E+01	6.098856E+01	5.341144E+01	2.247916E+01	
1.431667E+01	6.102018E+01	5.351316E+01	2.248966E+01	
1.433333E+01	6.105164E+01	5.361503E+01	2.250248E+01	
1.435000E+01	6.108289E+01	5.371711E+01	2.251876E+01	
1.436667E+01	6.111389E+01	5.381945E+01	2.253966E+01	
1.438333E+01	6.114458E+01	5.392209E+01	2.256634E+01	
1.440000E+01	6.117865E+01	5.402135E+01	2.255836E+01	
1.441667E+01	6.120995E+01	5.412339E+01	2.256885E+01	
1.443333E+01	6.124109E+01	5.422557E+01	2.258165E+01	
1.445000E+01	6.127204E+01	5.432796E+01	2.259793E+01	
1.446667E+01	6.130272E+01	5.443061E+01	2.261885E+01	
1.448333E+01	6.133310E+01	5.453356E+01	2.264556E+01	
1.450000E+01	6.136683E+01	5.463317E+01	2.263751E+01	
1.451667E+01	6.139782E+01	5.473551E+01	2.264797E+01	
1.453333E+01	6.142866E+01	5.483801E+01	2.266077E+01	
1.455000E+01	6.145929E+01	5.494071E+01	2.267704E+01	
1.456667E+01	6.148967E+01	5.504367E+01	2.269797E+01	
1.458333E+01	6.151974E+01	5.514692E+01	2.272471E+01	
1.460000E+01	6.155314E+01	5.524686E+01	2.271658E+01	
1.461667E+01	6.158382E+01	5.534952E+01	2.272703E+01	
1.463333E+01	6.161434E+01	5.545233E+01	2.273981E+01	
1.465000E+01	6.164467E+01	5.555533E+01	2.275609E+01	
1.466667E+01	6.167474E+01	5.565859E+01	2.277703E+01	
1.468333E+01	6.170452E+01	5.576215E+01	2.280380E+01	
1.470000E+01	6.173758E+01	5.586242E+01	2.279560E+01	
1.471667E+01	6.176795E+01	5.596538E+01	2.280603E+01	
1.473333E+01	6.179817E+01	5.606850E+01	2.281880E+01	
1.475000E+01	6.182819E+01	5.617181E+01	2.283508E+01	
1.476667E+01	6.185797E+01	5.627536E+01	2.285603E+01	
1.478333E+01	6.188745E+01	5.637922E+01	2.288283E+01	
1.480000E+01	6.192018E+01	5.647982E+01	2.287455E+01	
1.481667E+01	6.195024E+01	5.658309E+01	2.288496E+01	
1.483333E+01	6.198016E+01	5.668650E+01	2.289772E+01	
1.485000E+01	6.200988E+01	5.679012E+01	2.291400E+01	
1.486667E+01	6.203936E+01	5.689397E+01	2.293496E+01	
1.488333E+01	6.206855E+01	5.699812E+01	2.296179E+01	
1.490000E+01	6.210095E+01	5.709905E+01	2.295344E+01	
1.491667E+01	6.213071E+01	5.720262E+01	2.296384E+01	
1.493333E+01	6.216033E+01	5.730633E+01	2.297658E+01	
1.495000E+01	6.218976E+01	5.741024E+01	2.299286E+01	
1.496667E+01	6.221894E+01	5.751439E+01	2.301384E+01	
1.498333E+01	6.224783E+01	5.761883E+01	2.304070E+01	
1.500000E+01	6.227991E+01	5.772009E+01	2.303227E+01	
1.501667E+01	6.230938E+01	5.782395E+01	2.304265E+01	
1.503333E+01	6.233870E+01	5.792796E+01	2.305538E+01	
1.505000E+01	6.236784E+01	5.803216E+01	2.307165E+01	
1.506667E+01	6.239673E+01	5.813661E+01	2.309265E+01	
1.508333E+01	6.242533E+01	5.824134E+01	2.311954E+01	
1.510000E+01	6.245709E+01	5.834291E+01	2.311104E+01	
1.511667E+01	6.248626E+01	5.844707E+01	2.312139E+01	
1.513333E+01	6.251529E+01	5.855137E+01	2.313412E+01	
1.515000E+01	6.254413E+01	5.865587E+01	2.315039E+01	
1.516667E+01	6.257273E+01	5.876060E+01	2.317139E+01	
1.518333E+01	6.260105E+01	5.886562E+01	2.319831E+01	
1.520000E+01	6.263249E+01	5.896751E+01	2.318974E+01	
1.521667E+01	6.266137E+01	5.907196E+01	2.320008E+01	
1.523333E+01	6.269011E+01	5.917655E+01	2.321280E+01	
1.525000E+01	6.271866E+01	5.928134E+01	2.322907E+01	
1.526667E+01	6.274698E+01	5.938635E+01	2.325008E+01	
1.528333E+01	6.277501E+01	5.949165E+01	2.327703E+01	
1.530000E+01	6.280614E+01	5.959386E+01	2.326839E+01	
1.531667E+01	6.283473E+01	5.969860E+01	2.327871E+01	
1.533333E+01	6.286319E+01	5.980348E+01	2.329141E+01	
1.535000E+01	6.289145E+01	5.990855E+01	2.330769E+01	
1.536667E+01	6.291949E+01	6.001385E+01	2.332871E+01	
1.538333E+01	6.294724E+01	6.011943E+01	2.335569E+01	
1.540000E+01	6.297805E+01	6.022195E+01	2.334698E+01	
1.541667E+01	6.300636E+01	6.032697E+01	2.335728E+01	
1.543333E+01	6.303453E+01	6.043214E+01	2.336997E+01	
1.545000E+01	6.306251E+01	6.053749E+01	2.338624E+01	
1.546667E+01	6.309027E+01	6.064307E+01	2.340728E+01	
1.548333E+01	6.311774E+01	6.074893E+01	2.343429E+01	
1.550000E+01	6.314825E+01	6.085175E+01	2.342551E+01	
1.551667E+01	6.317627E+01	6.095706E+01	2.343580E+01	
1.553333E+01	6.320416E+01	6.106251E+01	2.344848E+01	
1.555000E+01	6.323186E+01	6.116814E+01	2.346474E+01	
1.556667E+01	6.325934E+01	6.127400E+01	2.348580E+01	
1.558333E+01	6.328654E+01	6.138013E+01	2.351283E+01	
1.560000E+01	6.331674E+01	6.148326E+01	2.350398E+01	
1.561667E+01	6.334449E+01	6.158885E+01	2.351425E+01	
1.563333E+01	6.337209E+01	6.169457E+01	2.352692E+01	
1.565000E+01	6.339952E+01	6.180048E+01	2.354319E+01	
1.566667E+01	6.342672E+01	6.190661E+01	2.356425E+01	
1.568333E+01	6.345365E+01	6.201302E+01	2.359131E+01	
1.570000E+01	6.348355E+01	6.211645E+01	2.358239E+01	
1.571667E+01	6.351102E+01	6.222232E+01	2.359265E+01	
1.573333E+01	6.353835E+01	6.232832E+01	2.360531E+01	
1.575000E+01	6.356550E+01	6.243450E+01	2.362157E+01	
1.576667E+01	6.359243E+01	6.254090E+01	2.364265E+01	
1.578333E+01	6.361909E+01	6.264758E+01	2.366974E+01	
1.580000E+01	6.364869E+01	6.275131E+01	2.366075E+01	
1.581667E+01	6.367588E+01	6.285745E+01	2.367099E+01	
1.583333E+01	6.370294E+01	6.296373E+01	2.368364E+01	
1.585000E+01	6.372982E+01	6.307018E+01	2.369990E+01	
1.586667E+01	6.375648E+01	6.317685E+01	2.372099E+01	
1.588333E+01	6.378287E+01	6.328379E+01	2.374810E+01	
1.590000E+01	6.381218E+01	6.338782E+01	2.373905E+01	
1.591667E+01	6.383910E+01	6.349423E+01	2.374927E+01	
1.593333E+01	6.386589E+01	6.360078E+01	2.376191E+01	
1.595000E+01	6.389250E+01	6.370750E+01	2.377817E+01	
1.596667E+01	6.391889E+01	6.381444E+01	2.379927E+01	
1.598333E+01	6.394502E+01	6.392165E+01	2.382641E+01	
1.600000E+01	6.397403E+01	6.402597E+01	2.381730E+01	
1.601667E+01	6.400068E+01	6.413265E+01	2.382750E+01	
1.603333E+01	6.402720E+01	6.423946E+01	2.384013E+01	
1.605000E+01	6.405355E+01	6.434645E+01	2.385639E+01	
1.606667E+01	6.407968E+01	6.445365E+01	2.387750E+01	
1.608333E+01	6.410555E+01	6.456112E+01	2.390467E+01	
1.610000E+01	6.413427E+01	6.466573E+01	2.389549E+01	
1.611667E+01	6.416065E+01	6.477268E+01	2.390567E+01	
1.613333E+01	6.418691E+01	6.487976E+01	2.391829E+01	
1.615000E+01	6.421299E+01	6.498701E+01	2.393455E+01	
1.616667E+01	6.423886E+01	6.509447E+01	2.395567E+01	
1.618333E+01	6.426447E+01	6.520220E+01	2.398287E+01	
1.620000E+01	6.429290E+01	6.530710E+01	2.397362E+01	
1.621667E+01	6.431902E+01	6.541431E+01	2.398379E+01	
1.623333E+01	6.434502E+01	6.552165E+01	2.399640E+01	
1.625000E+01	6.437084E+01	6.562916E+01	2.401266E+01	
1.626667E+01	6.439645E+01	6.573689E+01	2.403379E+01	
1.628333E+01	6.442180E+01	6.584487E+01	2.406101E+01	
1.630000E+01	6.444995E+01	6.595005E+01	2.405170E+01	
1.631667E+01	6.447581E+01	6.605752E+01	2.406186E+01	
1.633333E+01	6.450154E+01	6.616512E+01	2.407446E+01	
1.635000E+01	6.452711E+01	6.627289E+01	2.409072E+01	
1.636667E+01	6.455246E+01	6.638087E+01	2.411186E+01	
1.638333E+01	6.457756E+01	6.648911E+01	2.413911E+01	
1.640000E+01	6.460543E+01	6.659457E+01	2.412973E+01	
1.641667E+01	6.463103E+01	6.670230E+01	2.413987E+01	
1.643333E+01	6.465650E+01	6.681016E+01	2.415246E+01	
1.645000E+01	6.468181E+01	6.691819E+01	2.416872E+01	
1.646667E+01	6.470691E+01	6.702642E+01	2.418987E+01	
1.648333E+01	6.473176E+01	6.713491E+01	2.421714E+01	
1.650000E+01	6.475935E+01	6.724065E+01	2.420771E+01	
1.651667E+01	6.478470E+01	6.734864E+01	2.421783E+01	
1.653333E+01	6.480992E+01	6.745675E+01	2.423041E+01	
1.655000E+01	6.483497E+01	6.756503E+01	2.424667E+01	
1.656667E+01	6.485982E+01	6.767351E+01	2.426783E+01	
1.658333E+01	6.488442E+01	6.778225E+01	2.429513E+01	
1.660000E+01	6.491174E+01	6.788826E+01	2.428563E+01	
1.661667E+01	6.493683E+01	6.799651E+01	2.429574E+01	
1.663333E+01	6.496180E+01	6.810487E+01	2.430831E+01	
1.665000E+01	6.498660E+01	6.821340E+01	2.432456E+01	
1.666667E+01	6.501120E+01	6.832213E+01	2.434574E+01	
1.668333E+01	6.503555E+01	6.843111E+01	2.437306E+01	
1.670000E+01	6.506260E+01	6.853740E+01	2.436350E+01	
1.671667E+01	6.508744E+01	6.864590E+01	2.437359E+01	
1.673333E+01	6.511216E+01	6.875451E+01	2.438615E+01	
1.675000E+01	6.513671E+01	6.886329E+01	2.440241E+01	
1.676667E+01	6.516107E+01	6.897227E+01	2.442359E+01	
1.678333E+01	6.518518E+01	6.908149E+01	2.445094E+01	
1.680000E+01	6.521195E+01	6.918805E+01	2.444132E+01	
1.681667E+01	6.523654E+01	6.929679E+01	2.445140E+01	
1.683333E+01	6.526101E+01	6.940565E+01	2.446395E+01	
1.685000E+01	6.528532E+01	6.951468E+01	2.448020E+01	
1.686667E+01	6.530943E+01	6.962390E+01	2.450140E+01	
1.688333E+01	6.533330E+01	6.973336E+01	2.452877E+01	
1.690000E+01	6.535981E+01	6.984019E+01	2.451908E+01	
1.691667E+01	6.538415E+01	6.994918E+01	2.452915E+01	
1.693333E+01	6.540838E+01	7.005829E+01	2.454169E+01	
1.695000E+01	6.543245E+01	7.016755E+01	2.455794E+01	
1.696667E+01	6.545632E+01	7.027702E+01	2.457915E+01	
1.698333E+01	6.547995E+01	7.038672E+01	2.460654E+01	
1.700000E+01	6.550619E+01	7.049381E+01	2.459680E+01	
1.701667E+01	6.553029E+01	7.060304E+01	2.460685E+01	
1.703333E+01	6.555428E+01	7.071239E+01	2.461938E+01	
1.705000E+01	6.557810E+01	7.082190E+01	2.463564E+01	
1.706667E+01	6.560173E+01	7.093160E+01	2.465685E+01	
1.708333E+01	6.562513E+01	7.104154E+01	2.468427E+01	
1.710000E+01	6.565110E+01	7.114890E+01	2.467447E+01	
1.711667E+01	6.567497E+01	7.125837E+01	2.468450E+01	
1.713333E+01	6.569871E+01	7.136796E+01	2.469703E+01	
1.715000E+01	6.572230E+01	7.147770E+01	2.471328E+01	
1.716667E+01	6.574569E+01	7.158764E+01	2.473450E+01	
1.718333E+01	6.576886E+01	7.169781E+01	2.476195E+01	
1.720000E+01	6.579457E+01	7.180543E+01	2.475209E+01	
1.721667E+01	6.581820E+01	7.191514E+01	2.476211E+01	
1.723333E+01	6.584170E+01	7.202496E+01	2.477462E+01	
1.725000E+01	6.586506E+01	7.213494E+01	2.479087E+01	
1.726667E+01	6.588822E+01	7.224512E+01	2.481211E+01	
1.728333E+01	6.591115E+01	7.235552E+01	2.483957E+01	
1.730000E+01	6.593661E+01	7.246339E+01	2.482966E+01	
1.731667E+01	6.595999E+01	7.257334E+01	2.483966E+01	
1.733333E+01	6.598327E+01	7.268340E+01	2.485217E+01	
1.735000E+01	6.600639E+01	7.279361E+01	2.486842E+01	
1.736667E+01	6.602931E+01	7.290402E+01	2.488966E+01	
1.738333E+01	6.605201E+01	7.301465E+01	2.491715E+01	
1.740000E+01	6.607722E+01	7.312278E+01	2.490718E+01	
1.741667E+01	6.610037E+01	7.323296E+01	2.491717E+01	
1.743333E+01	6.612341E+01	7.334325E+01	2.492966E+01	
1.745000E+01	6.614630E+01	7.345370E+01	2.494591E+01	
1.746667E+01	6.616900E+01	7.356433E+01	2.496717E+01	
1.748333E+01	6.619147E+01	7.367519E+01	2.499468E+01	
1.750000E+01	6.621643E+01	7.378357E+01	2.498465E+01	
1.751667E+01	6.623935E+01	7.389399E+01	2.499463E+01	
1.753333E+01	6.626216E+01	7.400451E+01	2.500712E+01	
1.755000E+01	6.628482E+01	7.411518E+01	2.502336E+01	
1.756667E+01	6.630729E+01	7.422604E+01	2.504463E+01	
1.758333E+01	6.632954E+01	7.433713E+01	2.507216E+01	
1.760000E+01	6.635424E+01	7.444576E+01	2.506208E+01	
1.761667E+01	6.637693E+01	7.455640E+01	2.507204E+01	
1.763333E+01	6.639952E+01	7.466715E+01	2.508452E+01	
1.765000E+01	6.642195E+01	7.477805E+01	2.510077E+01	
1.766667E+01	6.644420E+01	7.488914E+01	2.512204E+01	
1.768333E+01	6.646622E+01	7.500044E+01	2.514960E+01	
1.770000E+01	6.649068E+01	7.510932E+01	2.513945E+01	
1.771667E+01	6.651315E+01	7.522019E+01	2.514941E+01	
1.773333E+01	6.653550E+01	7.533117E+01	2.516187E+01	
1.775000E+01	6.655771E+01	7.544229E+01	2.517812E+01	
1.776667E+01	6.657974E+01	7.555360E+01	2.519941E+01	
1.778333E+01	6.660154E+01	7.566513E+01	2.522699E+01	
1.780000E+01	6.662575E+01	7.577425E+01	2.521679E+01	
1.781667E+01	6.664799E+01	7.588534E+01	2.522672E+01	
1.783333E+01	6.667013E+01	7.599654E+01	2.523918E+01	
1.785000E+01	6.669211E+01	7.610789E+01	2.525543E+01	
1.786667E+01	6.671392E+01	7.621942E+01	2.527672E+01	
1.788333E+01	6.673551E+01	7.633116E+01	2.530433E+01	
1.790000E+01	6.675948E+01	7.644052E+01	2.529407E+01	
1.791667E+01	6.678149E+01	7.655184E+01	2.530400E+01	
1.793333E+01	6.680341E+01	7.666326E+01	2.531645E+01	
1.795000E+01	6.682517E+01	7.677483E+01	2.533269E+01	
1.796667E+01	6.684676E+01	7.688657E+01	2.535400E+01	
1.798333E+01	6.686813E+01	7.699854E+01	2.538162E+01	
1.800000E+01	6.689186E+01	7.710814E+01	2.537131E+01	
1.801667E+01	6.691366E+01	7.721967E+01	2.538122E+01	
1.803333E+01	6.693535E+01	7.733131E+01	2.539367E+01	
1.805000E+01	6.695690E+01	7.744310E+01	2.540991E+01	
1.806667E+01	6.697827E+01	7.755506E+01	2.543122E+01	
1.808333E+01	6.699943E+01	7.766724E+01	2.545887E+01	
1.810000E+01	6.702292E+01	7.777708E+01	2.544851E+01	
1.811667E+01	6.704450E+01	7.788883E+01	2.545841E+01	
1.813333E+01	6.706598E+01	7.800069E+01	2.547084E+01	
1.815000E+01	6.708731E+01	7.811269E+01	2.548708E+01	
1.816667E+01	6.710847E+01	7.822486E+01	2.550841E+01	
1.818333E+01	6.712942E+01	7.833725E+01	2.553607E+01	
1.820000E+01	6.715268E+01	7.844732E+01	2.552566E+01	
1.821667E+01	6.717404E+01	7.855929E+01	2.553554E+01	
1.823333E+01	6.719530E+01	7.867137E+01	2.554797E+01	
1.825000E+01	6.721642E+01	7.878358E+01	2.556421E+01	
1.826667E+01	6.723737E+01	7.889597E+01	2.558554E+01	
1.828333E+01	6.725810E+01	7.900856E+01	2.561323E+01	
1.830000E+01	6.728113E+01	7.911887E+01	2.560277E+01	
1.831667E+01	6.730228E+01	7.923105E+01	2.561264E+01	
1.833333E+01	6.732333E+01	7.934334E+01	2.562506E+01	
1.835000E+01	6.734424E+01	7.945576E+01	2.564130E+01	
1.836667E+01	6.736497E+01	7.956836E+01	2.566264E+01	
1.838333E+01	6.738550E+01	7.968116E+01	2.569035E+01	
1.840000E+01	6.740830E+01	7.979170E+01	2.567983E+01	
1.841667E+01	6.742924E+01	7.990409E+01	2.568969E+01	
1.843333E+01	6.745008E+01	8.001659E+01	2.570210E+01	
1.845000E+01	6.747078E+01	8.012922E+01	2.571834E+01	
1.846667E+01	6.749131E+01	8.024203E+01	2.573969E+01	
1.848333E+01	6.751163E+01	8.035504E+01	2.576742E+01	
1.850000E+01	6.753420E+01	8.046580E+01	2.575685E+01	
1.851667E+01	6.755493E+01	8.057840E+01	2.576669E+01	
1.853333E+01	6.757556E+01	8.069111E+01	2.577910E+01	
1.855000E+01	6.759605E+01	8.080395E+01	2.579534E+01	
1.856667E+01	6.761637E+01	8.091696E+01	2.581669E+01	
1.858333E+01	6.763650E+01	8.103017E+01	2.584444E+01	
1.860000E+01	6.765884E+01	8.114116E+01	2.583382E+01	
1.861667E+01	6.767936E+01	8.125397E+01	2.584366E+01	
1.863333E+01	6.769978E+01	8.136688E+01	2.585605E+01	
1.865000E+01	6.772007E+01	8.147993E+01	2.587229E+01	
1.866667E+01	6.774019E+01	8.159314E+01	2.589366E+01	
1.868333E+01	6.776011E+01	8.170655E+01	2.592143E+01	
1.870000E+01	6.778223E+01	8.181777E+01	2.591076E+01	
1.871667E+01	6.780255E+01	8.193078E+01	2.592058E+01	
1.873333E+01	6.782277E+01	8.204390E+01	2.593297E+01	
1.875000E+01	6.784285E+01	8.215715E+01	2.594920E+01	
1.876667E+01	6.786277E+01	8.227056E+01	2.597058E+01	
1.878333E+01	6.788249E+01	8.238417E+01	2.599837E+01	
1.880000E+01	6.790439E+01	8.249561E+01	2.598765E+01	
1.881667E+01	6.792451E+01	8.260883E+01	2.599746E+01	
1.883333E+01	6.794452E+01	8.272214E+01	2.600984E+01	
1.885000E+01	6.796441E+01	8.283559E+01	2.602607E+01	
1.886667E+01	6.798413E+01	8.294921E+01	2.604746E+01	
1.888333E+01	6.800365E+01	8.306302E+01	2.607527E+01	
1.890000E+01	6.802533E+01	8.317467E+01	2.606450E+01	
1.891667E+01	6.804524E+01	8.328809E+01	2.607430E+01	
1.893333E+01	6.806506E+01	8.340161E+01	2.608667E+01	
1.895000E+01	6.808474E+01	8.351526E+01	2.610290E+01	
1.896667E+01	6.810427E+01	8.362906E+01	2.612430E+01	
1.898333E+01	6.812360E+01	8.374307E+01	2.615213E+01	
1.900000E+01	6.814506E+01	8.385494E+01	2.614131E+01	
1.901667E+01	6.816477E+01	8.396856E+01	2.615109E+01	
1.903333E+01	6.818439E+01	8.408228E+01	2.616346E+01	
1.905000E+01	6.820388E+01	8.419612E+01	2.617969E+01	
1.906667E+01	6.822321E+01	8.431013E+01	2.620109E+01	
1.908333E+01	6.824234E+01	8.442432E+01	2.622894E+01	
1.910000E+01	6.826359E+01	8.453641E+01	2.621808E+01	
1.911667E+01	6.828311E+01	8.465023E+01	2.622785E+01	
1.913333E+01	6.830253E+01	8.476414E+01	2.624021E+01	
1.915000E+01	6.832182E+01	8.487818E+01	2.625644E+01	
1.916667E+01	6.834096E+01	8.499237E+01	2.627785E+01	
1.918333E+01	6.835990E+01	8.510676E+01	2.630572E+01	
1.920000E+01	6.838094E+01	8.521906E+01	2.629480E+01	
1.921667E+01	6.840026E+01	8.533307E+01	2.630456E+01	
1.923333E+01	6.841949E+01	8.544718E+01	2.631691E+01	
1.925000E+01	6.843859E+01	8.556141E+01	2.633315E+01	
1.926667E+01	6.845753E+01	8.567580E+01	2.635456E+01	
1.928333E+01	6.847629E+01	8.579038E+01	2.638246E+01	
1.930000E+01	6.849711E+01	8.590289E+01	2.637149E+01	
1.931667E+01	6.851624E+01	8.601709E+01	2.638124E+01	
1.933333E+01	6.853528E+01	8.613139E+01	2.639358E+01	
1.935000E+01	6.855419E+01	8.624581E+01	2.640982E+01	
1.936667E+01	6.857294E+01	8.636039E+01	2.643124E+01	
1.938333E+01	6.859151E+01	8.647516E+01	2.645915E+01	
1.940000E+01	6.861212E+01	8.658788E+01	2.644814E+01	
1.941667E+01	6.863106E+01	8.670227E+01	2.645788E+01	
1.943333E+01	6.864991E+01	8.681676E+01	2.647021E+01	
1.945000E+01	6.866863E+01	8.693137E+01	2.648645E+01	
1.946667E+01	6.868719E+01	8.704614E+01	2.650788E+01	
1.948333E+01	6.870558E+01	8.716109E+01	2.653581E+01	
1.950000E+01	6.872598E+01	8.727402E+01	2.652475E+01	
1.951667E+01	6.874473E+01	8.738860E+01	2.653447E+01	
1.953333E+01	6.876339E+01	8.750328E+01	2.654680E+01	
1.955000E+01	6.878192E+01	8.761808E+01	2.656303E+01	
1.956667E+01	6.880031E+01	8.773303E+01	2.658447E+01	
1.958333E+01	6.881850E+01	8.784816E+01	2.661242E+01	
1.960000E+01	6.883871E+01	8.796129E+01	2.660132E+01	
1.961667E+01	6.885727E+01	8.807606E+01	2.661103E+01	
1.963333E+01	6.887574E+01	8.819093E+01	2.662335E+01	
1.965000E+01	6.889409E+01	8.830591E+01	2.663959E+01	
1.966667E+01	6.891229E+01	8.842105E+01	2.666103E+01	
1.968333E+01	6.893030E+01	8.853637E+01	2.668900E+01	
1.970000E+01	6.895030E+01	8.864970E+01	2.667785E+01	
1.971667E+01	6.896868E+01	8.876465E+01	2.668755E+01	
1.973333E+01	6.898697E+01	8.887970E+01	2.669987E+01	
1.975000E+01	6.900513E+01	8.899487E+01	2.671610E+01	
1.976667E+01	6.902315E+01	8.911019E+01	2.673755E+01	
1.978333E+01	6.904098E+01	8.922568E+01	2.676554E+01	
1.980000E+01	6.906079E+01	8.933921E+01	2.675434E+01	
1.981667E+01	6.907898E+01	8.945436E+01	2.676404E+01	
1.983333E+01	6.909708E+01	8.956959E+01	2.677634E+01	
1.985000E+01	6.911506E+01	8.968494E+01	2.679257E+01	
1.986667E+01	6.913290E+01	8.980043E+01	2.681404E+01	
1.988333E+01	6.915056E+01	8.991611E+01	2.684204E+01	
1.990000E+01	6.917016E+01	9.002984E+01	2.683080E+01	
1.991667E+01	6.918817E+01	9.014516E+01	2.684048E+01	
1.993333E+01	6.920609E+01	9.026057E+01	2.685278E+01	
1.995000E+01	6.922390E+01	9.037610E+01	2.686901E+01	
1.996667E+01	6.924155E+01	9.049178E+01	2.689048E+01	
1.998333E+01	6.925903E+01	9.060763E+01	2.691850E+01	
2.000000E+01	6.927844E+01	9.072156E+01	2.690722E+01	
