#t				#N_m				#N_p				#V_r				#V_zufluss
0.000000e+00	0.000000e+00	0.000000e+00	1.000000e+01	1.000000e+00
1.000000e-01	7.998825e-01	1.175370e-04	1.010000e+01	1.000000e+00
2.000000e-01	1.591767e+00	8.232723e-03	1.019972e+01	1.000000e+00
3.000000e-01	2.375734e+00	2.426559e-02	1.029917e+01	1.000000e+00
4.000000e-01	3.151863e+00	4.813699e-02	1.039836e+01	1.000000e+00
5.000000e-01	3.920231e+00	7.976852e-02	1.049728e+01	1.000000e+00
6.000000e-01	4.680917e+00	1.190826e-01	1.059594e+01	1.000000e+00
7.000000e-01	5.433998e+00	1.660024e-01	1.069434e+01	1.000000e+00
8.000000e-01	6.179548e+00	2.204520e-01	1.079248e+01	1.000000e+00
9.000000e-01	6.917644e+00	2.823559e-01	1.089037e+01	1.000000e+00
1.000000e+00	7.648360e+00	3.516397e-01	1.098801e+01	1.000000e+00
1.100000e+00	8.371770e+00	4.282296e-01	1.108540e+01	1.000000e+00
1.200000e+00	9.087947e+00	5.120526e-01	1.118254e+01	1.000000e+00
1.300000e+00	9.796964e+00	6.030362e-01	1.127944e+01	1.000000e+00
1.400000e+00	1.049889e+01	7.011090e-01	1.137610e+01	1.000000e+00
1.500000e+00	1.119380e+01	8.062000e-01	1.147252e+01	1.000000e+00
1.600000e+00	1.188176e+01	9.182391e-01	1.156870e+01	1.000000e+00
1.700000e+00	1.256284e+01	1.037157e+00	1.166464e+01	1.000000e+00
1.800000e+00	1.323712e+01	1.162884e+00	1.176036e+01	1.000000e+00
1.900000e+00	1.390465e+01	1.295354e+00	1.185584e+01	1.000000e+00
2.000000e+00	1.456550e+01	1.434497e+00	1.195110e+01	1.000000e+00
2.100000e+00	1.521975e+01	1.580248e+00	1.204613e+01	1.000000e+00
2.200000e+00	1.586746e+01	1.732541e+00	1.214094e+01	1.000000e+00
2.300000e+00	1.650869e+01	1.891310e+00	1.223552e+01	1.000000e+00
2.400000e+00	1.714351e+01	2.056490e+00	1.232989e+01	1.000000e+00
2.500000e+00	1.777198e+01	2.228017e+00	1.242404e+01	1.000000e+00
2.600000e+00	1.839417e+01	2.405829e+00	1.251798e+01	1.000000e+00
2.700000e+00	1.901014e+01	2.589861e+00	1.261171e+01	1.000000e+00
2.800000e+00	1.961995e+01	2.780052e+00	1.270523e+01	1.000000e+00
2.900000e+00	2.022366e+01	2.976340e+00	1.279853e+01	1.000000e+00
3.000000e+00	2.082134e+01	3.178665e+00	1.289164e+01	1.000000e+00
3.100000e+00	2.141304e+01	3.386965e+00	1.298454e+01	1.000000e+00
3.200000e+00	2.199882e+01	3.601181e+00	1.307723e+01	1.000000e+00
3.300000e+00	2.257875e+01	3.821255e+00	1.316973e+01	1.000000e+00
3.400000e+00	2.315287e+01	4.047126e+00	1.326203e+01	1.000000e+00
3.500000e+00	2.372126e+01	4.278739e+00	1.335413e+01	1.000000e+00
3.600000e+00	2.428397e+01	4.516034e+00	1.344604e+01	1.000000e+00
3.700000e+00	2.484104e+01	4.758956e+00	1.353776e+01	1.000000e+00
3.800000e+00	2.539255e+01	5.007447e+00	1.362929e+01	1.000000e+00
3.900000e+00	2.593855e+01	5.261453e+00	1.372063e+01	1.000000e+00
4.000000e+00	2.647908e+01	5.520918e+00	1.381179e+01	1.000000e+00
4.100000e+00	2.701421e+01	5.785787e+00	1.390276e+01	1.000000e+00
4.200000e+00	2.754399e+01	6.056007e+00	1.399355e+01	1.000000e+00
4.300000e+00	2.806848e+01	6.331524e+00	1.408415e+01	1.000000e+00
4.400000e+00	2.858771e+01	6.612285e+00	1.417458e+01	1.000000e+00
4.500000e+00	2.910176e+01	6.898238e+00	1.426483e+01	1.000000e+00
4.600000e+00	2.961067e+01	7.189330e+00	1.435491e+01	1.000000e+00
4.700000e+00	3.011449e+01	7.485511e+00	1.444481e+01	1.000000e+00
4.800000e+00	3.061327e+01	7.786729e+00	1.453454e+01	1.000000e+00
4.900000e+00	3.110707e+01	8.092934e+00	1.462410e+01	1.000000e+00
5.000000e+00	3.159592e+01	8.404077e+00	1.471350e+01	1.000000e+00
5.100000e+00	3.207989e+01	8.720107e+00	1.480272e+01	1.000000e+00
5.200000e+00	3.255902e+01	9.040977e+00	1.489178e+01	1.000000e+00
5.300000e+00	3.303336e+01	9.366637e+00	1.498068e+01	1.000000e+00
5.400000e+00	3.350296e+01	9.697039e+00	1.506942e+01	1.000000e+00
5.500000e+00	3.396786e+01	1.003214e+01	1.515800e+01	1.000000e+00
5.600000e+00	3.442812e+01	1.037188e+01	1.524641e+01	1.000000e+00
5.700000e+00	3.488377e+01	1.071623e+01	1.533467e+01	1.000000e+00
5.800000e+00	3.533486e+01	1.106514e+01	1.542278e+01	1.000000e+00
5.900000e+00	3.578145e+01	1.141855e+01	1.551073e+01	1.000000e+00
6.000000e+00	3.622357e+01	1.177643e+01	1.559853e+01	1.000000e+00
6.100000e+00	3.666127e+01	1.213873e+01	1.568618e+01	1.000000e+00
6.200000e+00	3.709459e+01	1.250541e+01	1.577368e+01	1.000000e+00
6.300000e+00	3.752359e+01	1.287641e+01	1.586103e+01	1.000000e+00
6.400000e+00	3.794829e+01	1.325171e+01	1.594824e+01	1.000000e+00
6.500000e+00	3.836874e+01	1.363126e+01	1.603530e+01	1.000000e+00
6.600000e+00	3.878499e+01	1.401501e+01	1.612222e+01	1.000000e+00
6.700000e+00	3.919708e+01	1.440292e+01	1.620899e+01	1.000000e+00
6.800000e+00	3.960505e+01	1.479495e+01	1.629563e+01	1.000000e+00
6.900000e+00	4.000894e+01	1.519106e+01	1.638212e+01	1.000000e+00
7.000000e+00	4.040879e+01	1.559121e+01	1.646848e+01	1.000000e+00
7.100000e+00	4.080465e+01	1.599535e+01	1.655470e+01	1.000000e+00
7.200000e+00	4.119654e+01	1.640346e+01	1.664079e+01	1.000000e+00
7.300000e+00	4.158452e+01	1.681548e+01	1.672675e+01	1.000000e+00
7.400000e+00	4.196862e+01	1.723138e+01	1.681257e+01	1.000000e+00
7.500000e+00	4.234888e+01	1.765112e+01	1.689826e+01	1.000000e+00
7.600000e+00	4.272533e+01	1.807467e+01	1.698382e+01	1.000000e+00
7.700000e+00	4.309803e+01	1.850197e+01	1.706925e+01	1.000000e+00
7.800000e+00	4.346699e+01	1.893301e+01	1.715456e+01	1.000000e+00
7.900000e+00	4.383227e+01	1.936773e+01	1.723974e+01	1.000000e+00
8.000000e+00	4.419389e+01	1.980611e+01	1.732479e+01	1.000000e+00
8.100000e+00	4.455190e+01	2.024810e+01	1.740972e+01	1.000000e+00
8.200000e+00	4.490633e+01	2.069367e+01	1.749453e+01	1.000000e+00
8.300000e+00	4.525721e+01	2.114279e+01	1.757922e+01	1.000000e+00
8.400000e+00	4.560459e+01	2.159541e+01	1.766379e+01	1.000000e+00
8.500000e+00	4.594850e+01	2.205150e+01	1.774824e+01	1.000000e+00
8.600000e+00	4.628896e+01	2.251104e+01	1.783258e+01	1.000000e+00
8.700000e+00	4.662602e+01	2.297398e+01	1.791680e+01	1.000000e+00
8.800000e+00	4.695971e+01	2.344029e+01	1.800090e+01	1.000000e+00
8.900000e+00	4.729007e+01	2.390993e+01	1.808489e+01	1.000000e+00
9.000000e+00	4.761712e+01	2.438288e+01	1.816877e+01	1.000000e+00
9.100000e+00	4.794090e+01	2.485910e+01	1.825253e+01	1.000000e+00
9.200000e+00	4.826144e+01	2.533856e+01	1.833619e+01	1.000000e+00
9.300000e+00	4.857878e+01	2.582122e+01	1.841973e+01	1.000000e+00
9.400000e+00	4.889295e+01	2.630705e+01	1.850317e+01	1.000000e+00
9.500000e+00	4.920397e+01	2.679603e+01	1.858650e+01	1.000000e+00
9.600000e+00	4.951189e+01	2.728811e+01	1.866972e+01	1.000000e+00
9.700000e+00	4.981672e+01	2.778328e+01	1.875284e+01	1.000000e+00
9.800000e+00	5.011851e+01	2.828149e+01	1.883586e+01	1.000000e+00
9.900000e+00	5.041728e+01	2.878272e+01	1.891877e+01	1.000000e+00
1.000000e+01	5.071307e+01	2.928693e+01	1.900158e+01	1.000000e+00
1.010000e+01	5.100589e+01	2.979411e+01	1.908429e+01	1.000000e+00
1.020000e+01	5.129579e+01	3.030421e+01	1.916690e+01	1.000000e+00
1.030000e+01	5.158279e+01	3.081721e+01	1.924941e+01	1.000000e+00
1.040000e+01	5.186692e+01	3.133308e+01	1.933183e+01	1.000000e+00
1.050000e+01	5.214821e+01	3.185179e+01	1.941414e+01	1.000000e+00
1.060000e+01	5.242669e+01	3.237331e+01	1.949636e+01	1.000000e+00
1.070000e+01	5.270238e+01	3.289762e+01	1.957849e+01	1.000000e+00
1.080000e+01	5.297532e+01	3.342468e+01	1.966052e+01	1.000000e+00
1.090000e+01	5.324552e+01	3.395448e+01	1.974246e+01	1.000000e+00
1.100000e+01	5.351303e+01	3.448697e+01	1.982431e+01	1.000000e+00
1.110000e+01	5.377786e+01	3.502214e+01	1.990606e+01	1.000000e+00
1.120000e+01	5.404004e+01	3.555996e+01	1.998773e+01	1.000000e+00
1.120788e+01	5.406048e+01	3.560257e+01	2.000000e+01	1.000000e+00
1.130788e+01	5.406048e+01	3.560257e+01	2.000000e+01	1.829568e-01
1.140788e+01	5.366734e+01	3.614313e+01	2.000000e+01	1.816264e-01
1.150788e+01	5.327706e+01	3.667976e+01	2.000000e+01	1.803055e-01
1.160788e+01	5.288963e+01	3.721249e+01	2.000000e+01	1.789943e-01
1.170788e+01	5.250500e+01	3.774135e+01	2.000000e+01	1.776927e-01
1.180788e+01	5.212318e+01	3.826636e+01	2.000000e+01	1.764004e-01
1.190788e+01	5.174413e+01	3.878755e+01	2.000000e+01	1.751176e-01
1.200788e+01	5.136784e+01	3.930495e+01	2.000000e+01	1.738442e-01
1.210788e+01	5.099428e+01	3.981859e+01	2.000000e+01	1.725799e-01
1.220788e+01	5.062345e+01	4.032849e+01	2.000000e+01	1.713249e-01
1.230788e+01	5.025530e+01	4.083468e+01	2.000000e+01	1.700790e-01
1.240788e+01	4.988984e+01	4.133720e+01	2.000000e+01	1.688422e-01
1.250788e+01	4.952703e+01	4.183606e+01	2.000000e+01	1.676143e-01
1.260788e+01	4.916686e+01	4.233129e+01	2.000000e+01	1.663954e-01
1.270788e+01	4.880932e+01	4.282292e+01	2.000000e+01	1.651853e-01
1.280788e+01	4.845437e+01	4.331097e+01	2.000000e+01	1.639841e-01
1.290788e+01	4.810200e+01	4.379548e+01	2.000000e+01	1.627916e-01
1.300788e+01	4.775219e+01	4.427646e+01	2.000000e+01	1.616077e-01
1.310788e+01	4.740493e+01	4.475395e+01	2.000000e+01	1.604325e-01
1.320788e+01	4.706019e+01	4.522796e+01	2.000000e+01	1.592658e-01
1.330788e+01	4.671797e+01	4.569852e+01	2.000000e+01	1.581076e-01
1.340788e+01	4.637823e+01	4.616567e+01	2.000000e+01	1.569578e-01
1.350788e+01	4.604096e+01	4.662941e+01	2.000000e+01	1.558164e-01
1.360788e+01	4.570614e+01	4.708979e+01	2.000000e+01	1.546833e-01
1.370788e+01	4.537376e+01	4.754681e+01	2.000000e+01	1.535584e-01
1.380788e+01	4.504379e+01	4.800051e+01	2.000000e+01	1.524417e-01
1.390788e+01	4.471623e+01	4.845092e+01	2.000000e+01	1.513331e-01
1.400788e+01	4.439104e+01	4.889804e+01	2.000000e+01	1.502326e-01
1.410788e+01	4.406822e+01	4.934192e+01	2.000000e+01	1.491401e-01
1.420788e+01	4.374775e+01	4.978257e+01	2.000000e+01	1.480555e-01
1.430788e+01	4.342961e+01	5.022001e+01	2.000000e+01	1.469788e-01
1.440788e+01	4.311378e+01	5.065427e+01	2.000000e+01	1.459100e-01
1.450788e+01	4.280025e+01	5.108538e+01	2.000000e+01	1.448489e-01
1.460788e+01	4.248900e+01	5.151335e+01	2.000000e+01	1.437955e-01
1.470788e+01	4.218002e+01	5.193820e+01	2.000000e+01	1.427498e-01
1.480788e+01	4.187328e+01	5.235997e+01	2.000000e+01	1.417117e-01
1.490788e+01	4.156877e+01	5.277867e+01	2.000000e+01	1.406812e-01
1.500788e+01	4.126647e+01	5.319433e+01	2.000000e+01	1.396581e-01
1.510788e+01	4.096638e+01	5.360696e+01	2.000000e+01	1.386425e-01
1.520788e+01	4.066846e+01	5.401659e+01	2.000000e+01	1.376343e-01
1.530788e+01	4.037272e+01	5.442324e+01	2.000000e+01	1.366334e-01
1.540788e+01	4.007912e+01	5.482694e+01	2.000000e+01	1.356397e-01
1.550788e+01	3.978766e+01	5.522770e+01	2.000000e+01	1.346533e-01
1.560788e+01	3.949831e+01	5.562554e+01	2.000000e+01	1.336741e-01
1.570788e+01	3.921108e+01	5.602050e+01	2.000000e+01	1.327020e-01
1.580788e+01	3.892593e+01	5.641258e+01	2.000000e+01	1.317370e-01
1.590788e+01	3.864285e+01	5.680180e+01	2.000000e+01	1.307790e-01
1.600788e+01	3.836184e+01	5.718820e+01	2.000000e+01	1.298279e-01
1.610788e+01	3.808286e+01	5.757179e+01	2.000000e+01	1.288838e-01
1.620788e+01	3.780592e+01	5.795259e+01	2.000000e+01	1.279465e-01
1.630788e+01	3.753099e+01	5.833062e+01	2.000000e+01	1.270161e-01
1.640788e+01	3.725806e+01	5.870590e+01	2.000000e+01	1.260924e-01
1.650788e+01	3.698711e+01	5.907845e+01	2.000000e+01	1.251755e-01
1.660788e+01	3.671813e+01	5.944829e+01	2.000000e+01	1.242652e-01
1.670788e+01	3.645111e+01	5.981545e+01	2.000000e+01	1.233615e-01
1.680788e+01	3.618603e+01	6.017993e+01	2.000000e+01	1.224644e-01
1.690788e+01	3.592288e+01	6.054176e+01	2.000000e+01	1.215738e-01
1.700788e+01	3.566165e+01	6.090096e+01	2.000000e+01	1.206897e-01
1.710788e+01	3.540231e+01	6.125755e+01	2.000000e+01	1.198120e-01
1.720788e+01	3.514486e+01	6.161155e+01	2.000000e+01	1.189407e-01
1.730788e+01	3.488928e+01	6.196297e+01	2.000000e+01	1.180758e-01
1.740788e+01	3.463556e+01	6.231183e+01	2.000000e+01	1.172171e-01
1.750788e+01	3.438368e+01	6.265816e+01	2.000000e+01	1.163647e-01
1.760788e+01	3.413364e+01	6.300197e+01	2.000000e+01	1.155185e-01
1.770788e+01	3.388541e+01	6.334328e+01	2.000000e+01	1.146784e-01
1.780788e+01	3.363899e+01	6.368211e+01	2.000000e+01	1.138444e-01
1.790788e+01	3.339437e+01	6.401847e+01	2.000000e+01	1.130165e-01
1.800788e+01	3.315152e+01	6.435239e+01	2.000000e+01	1.121947e-01
1.810788e+01	3.291043e+01	6.468388e+01	2.000000e+01	1.113788e-01
1.820788e+01	3.267110e+01	6.501296e+01	2.000000e+01	1.105688e-01
1.830788e+01	3.243351e+01	6.533964e+01	2.000000e+01	1.097647e-01
1.840788e+01	3.219765e+01	6.566395e+01	2.000000e+01	1.089665e-01
1.850788e+01	3.196351e+01	6.598590e+01	2.000000e+01	1.081741e-01
1.860788e+01	3.173106e+01	6.630551e+01	2.000000e+01	1.073874e-01
1.870788e+01	3.150031e+01	6.662280e+01	2.000000e+01	1.066065e-01
1.880788e+01	3.127123e+01	6.693778e+01	2.000000e+01	1.058312e-01
1.890788e+01	3.104383e+01	6.725047e+01	2.000000e+01	1.050616e-01
1.900788e+01	3.081807e+01	6.756088e+01	2.000000e+01	1.042976e-01
1.910788e+01	3.059396e+01	6.786904e+01	2.000000e+01	1.035391e-01
1.920788e+01	3.037147e+01	6.817495e+01	2.000000e+01	1.027862e-01
1.930788e+01	3.015061e+01	6.847864e+01	2.000000e+01	1.020387e-01
1.940788e+01	2.993135e+01	6.878013e+01	2.000000e+01	1.012966e-01
1.950788e+01	2.971368e+01	6.907942e+01	2.000000e+01	1.005600e-01
1.960788e+01	2.949760e+01	6.937653e+01	2.000000e+01	9.982870e-02
1.970788e+01	2.928309e+01	6.967148e+01	2.000000e+01	9.910273e-02
1.980788e+01	2.907013e+01	6.996429e+01	2.000000e+01	9.838204e-02
1.990788e+01	2.885873e+01	7.025497e+01	2.000000e+01	9.766659e-02
2.000788e+01	2.864887e+01	7.054353e+01	2.000000e+01	9.695634e-02
