#t				#c_A				#c_B				#c_C
0.000000e+00	1.000000e+00	0.000000e+00	0.000000e+00
5.000000e-02	9.501693e-01	9.501703e-07	4.982971e-02
1.000000e-01	9.028218e-01	9.028227e-07	9.717732e-02
1.500000e-01	8.578336e-01	8.578344e-07	1.421656e-01
2.000000e-01	8.150872e-01	8.150880e-07	1.849120e-01
2.500000e-01	7.744708e-01	7.744716e-07	2.255284e-01
3.000000e-01	7.358784e-01	7.358792e-07	2.641208e-01
3.500000e-01	6.992091e-01	6.992098e-07	3.007902e-01
4.000000e-01	6.643671e-01	6.643678e-07	3.356322e-01
4.500000e-01	6.312612e-01	6.312619e-07	3.687381e-01
5.000000e-01	5.998051e-01	5.998057e-07	4.001943e-01
5.500000e-01	5.699164e-01	5.699170e-07	4.300830e-01
6.000000e-01	5.415171e-01	5.415176e-07	4.584824e-01
6.500000e-01	5.145329e-01	5.145335e-07	4.854665e-01
7.000000e-01	4.888934e-01	4.888939e-07	5.111061e-01
7.500000e-01	4.645315e-01	4.645320e-07	5.354680e-01
8.000000e-01	4.413836e-01	4.413841e-07	5.586159e-01
8.500000e-01	4.193892e-01	4.193896e-07	5.806104e-01
9.000000e-01	3.984908e-01	3.984912e-07	6.015088e-01
9.500000e-01	3.786337e-01	3.786341e-07	6.213659e-01
1.000000e+00	3.597661e-01	3.597665e-07	6.402335e-01
1.050000e+00	3.418388e-01	3.418391e-07	6.581609e-01
1.100000e+00	3.248047e-01	3.248050e-07	6.751950e-01
1.150000e+00	3.086195e-01	3.086198e-07	6.913802e-01
1.200000e+00	2.932408e-01	2.932411e-07	7.067589e-01
1.250000e+00	2.786284e-01	2.786287e-07	7.213713e-01
1.300000e+00	2.647441e-01	2.647444e-07	7.352556e-01
1.350000e+00	2.515518e-01	2.515520e-07	7.484480e-01
1.400000e+00	2.390168e-01	2.390170e-07	7.609830e-01
1.450000e+00	2.271064e-01	2.271066e-07	7.728934e-01
1.500000e+00	2.157896e-01	2.157898e-07	7.842102e-01
1.550000e+00	2.050366e-01	2.050368e-07	7.949632e-01
1.600000e+00	1.948195e-01	1.948197e-07	8.051803e-01
1.650000e+00	1.851115e-01	1.851117e-07	8.148883e-01
1.700000e+00	1.758873e-01	1.758875e-07	8.241125e-01
1.750000e+00	1.671227e-01	1.671229e-07	8.328771e-01
1.800000e+00	1.587949e-01	1.587950e-07	8.412050e-01
1.850000e+00	1.508820e-01	1.508822e-07	8.491178e-01
1.900000e+00	1.433635e-01	1.433636e-07	8.566364e-01
1.950000e+00	1.362196e-01	1.362197e-07	8.637803e-01
2.000000e+00	1.294317e-01	1.294318e-07	8.705682e-01
2.050000e+00	1.229820e-01	1.229821e-07	8.770179e-01
2.100000e+00	1.168537e-01	1.168538e-07	8.831462e-01
2.150000e+00	1.110308e-01	1.110309e-07	8.889691e-01
2.200000e+00	1.054981e-01	1.054982e-07	8.945018e-01
2.250000e+00	1.002411e-01	1.002412e-07	8.997588e-01
2.300000e+00	9.524598e-02	9.524607e-08	9.047539e-01
2.350000e+00	9.049981e-02	9.049990e-08	9.095001e-01
2.400000e+00	8.599014e-02	8.599023e-08	9.140098e-01
2.450000e+00	8.170520e-02	8.170528e-08	9.182947e-01
2.500000e+00	7.763377e-02	7.763385e-08	9.223661e-01
2.550000e+00	7.376523e-02	7.376531e-08	9.262347e-01
2.600000e+00	7.008946e-02	7.008953e-08	9.299105e-01
2.650000e+00	6.659686e-02	6.659693e-08	9.334031e-01
2.700000e+00	6.327829e-02	6.327836e-08	9.367216e-01
2.750000e+00	6.012509e-02	6.012515e-08	9.398748e-01
2.800000e+00	5.712902e-02	5.712908e-08	9.428709e-01
2.850000e+00	5.428225e-02	5.428230e-08	9.457177e-01
2.900000e+00	5.157733e-02	5.157738e-08	9.484226e-01
2.950000e+00	4.900719e-02	4.900724e-08	9.509928e-01
3.000000e+00	4.656513e-02	4.656518e-08	9.534348e-01
3.050000e+00	4.424476e-02	4.424481e-08	9.557552e-01
3.100000e+00	4.204002e-02	4.204006e-08	9.579599e-01
3.150000e+00	3.994513e-02	3.994517e-08	9.600548e-01
3.200000e+00	3.795464e-02	3.795468e-08	9.620453e-01
3.250000e+00	3.606334e-02	3.606337e-08	9.639366e-01
3.300000e+00	3.426628e-02	3.426631e-08	9.657337e-01
3.350000e+00	3.255877e-02	3.255880e-08	9.674412e-01
3.400000e+00	3.093634e-02	3.093637e-08	9.690636e-01
3.450000e+00	2.939476e-02	2.939479e-08	9.706052e-01
3.500000e+00	2.793000e-02	2.793003e-08	9.720700e-01
3.550000e+00	2.653823e-02	2.653826e-08	9.734617e-01
3.600000e+00	2.521582e-02	2.521584e-08	9.747842e-01
3.650000e+00	2.395929e-02	2.395932e-08	9.760407e-01
3.700000e+00	2.276539e-02	2.276541e-08	9.772346e-01
3.750000e+00	2.163097e-02	2.163099e-08	9.783690e-01
3.800000e+00	2.055309e-02	2.055311e-08	9.794469e-01
3.850000e+00	1.952891e-02	1.952893e-08	9.804711e-01
3.900000e+00	1.855577e-02	1.855579e-08	9.814442e-01
3.950000e+00	1.763113e-02	1.763115e-08	9.823689e-01
4.000000e+00	1.675256e-02	1.675257e-08	9.832474e-01
4.050000e+00	1.591777e-02	1.591778e-08	9.840822e-01
4.100000e+00	1.512457e-02	1.512459e-08	9.848754e-01
4.150000e+00	1.437091e-02	1.437092e-08	9.856291e-01
4.200000e+00	1.365479e-02	1.365481e-08	9.863452e-01
4.250000e+00	1.297437e-02	1.297438e-08	9.870256e-01
4.300000e+00	1.232785e-02	1.232786e-08	9.876721e-01
4.350000e+00	1.171354e-02	1.171355e-08	9.882864e-01
4.400000e+00	1.112985e-02	1.112986e-08	9.888701e-01
4.450000e+00	1.057524e-02	1.057525e-08	9.894247e-01
4.500000e+00	1.004827e-02	1.004828e-08	9.899517e-01
4.550000e+00	9.547557e-03	9.547567e-09	9.904524e-01
4.600000e+00	9.071796e-03	9.071805e-09	9.909282e-01
4.650000e+00	8.619743e-03	8.619751e-09	9.913802e-01
4.700000e+00	8.190215e-03	8.190224e-09	9.918098e-01
4.750000e+00	7.782092e-03	7.782099e-09	9.922179e-01
4.800000e+00	7.394305e-03	7.394312e-09	9.926057e-01
4.850000e+00	7.025842e-03	7.025849e-09	9.929742e-01
4.900000e+00	6.675739e-03	6.675746e-09	9.933243e-01
4.950000e+00	6.343083e-03	6.343089e-09	9.936569e-01
5.000000e+00	6.027003e-03	6.027009e-09	9.939730e-01
5.050000e+00	5.726673e-03	5.726679e-09	9.942733e-01
5.100000e+00	5.441310e-03	5.441315e-09	9.945587e-01
5.150000e+00	5.170166e-03	5.170171e-09	9.948298e-01
5.200000e+00	4.912533e-03	4.912538e-09	9.950875e-01
5.250000e+00	4.667738e-03	4.667743e-09	9.953323e-01
5.300000e+00	4.435142e-03	4.435146e-09	9.955649e-01
5.350000e+00	4.214136e-03	4.214140e-09	9.957859e-01
5.400000e+00	4.004142e-03	4.004146e-09	9.959959e-01
5.450000e+00	3.804613e-03	3.804617e-09	9.961954e-01
5.500000e+00	3.615027e-03	3.615031e-09	9.963850e-01
5.550000e+00	3.434888e-03	3.434891e-09	9.965651e-01
5.600000e+00	3.263725e-03	3.263728e-09	9.967363e-01
5.650000e+00	3.101092e-03	3.101095e-09	9.968989e-01
5.700000e+00	2.946562e-03	2.946565e-09	9.970534e-01
5.750000e+00	2.799733e-03	2.799736e-09	9.972003e-01
5.800000e+00	2.660220e-03	2.660223e-09	9.973398e-01
5.850000e+00	2.527660e-03	2.527662e-09	9.974723e-01
5.900000e+00	2.401705e-03	2.401707e-09	9.975983e-01
5.950000e+00	2.282026e-03	2.282029e-09	9.977180e-01
6.000000e+00	2.168312e-03	2.168314e-09	9.978317e-01
6.050000e+00	2.060263e-03	2.060265e-09	9.979397e-01
6.100000e+00	1.957599e-03	1.957601e-09	9.980424e-01
6.150000e+00	1.860050e-03	1.860052e-09	9.981399e-01
6.200000e+00	1.767363e-03	1.767365e-09	9.982326e-01
6.250000e+00	1.679294e-03	1.679296e-09	9.983207e-01
6.300000e+00	1.595614e-03	1.595615e-09	9.984044e-01
6.350000e+00	1.516103e-03	1.516105e-09	9.984839e-01
6.400000e+00	1.440555e-03	1.440556e-09	9.985594e-01
6.450000e+00	1.368771e-03	1.368772e-09	9.986312e-01
6.500000e+00	1.300564e-03	1.300566e-09	9.986994e-01
6.550000e+00	1.235756e-03	1.235758e-09	9.987642e-01
6.600000e+00	1.174178e-03	1.174179e-09	9.988258e-01
6.650000e+00	1.115668e-03	1.115669e-09	9.988843e-01
6.700000e+00	1.060073e-03	1.060074e-09	9.989399e-01
6.750000e+00	1.007249e-03	1.007250e-09	9.989927e-01
6.800000e+00	9.570572e-04	9.570582e-10	9.990429e-01
6.850000e+00	9.093665e-04	9.093674e-10	9.990906e-01
6.900000e+00	8.640521e-04	8.640530e-10	9.991359e-01
6.950000e+00	8.209958e-04	8.209967e-10	9.991790e-01
7.000000e+00	7.800851e-04	7.800859e-10	9.992199e-01
7.050000e+00	7.412129e-04	7.412137e-10	9.992588e-01
7.100000e+00	7.042778e-04	7.042785e-10	9.992957e-01
7.150000e+00	6.691832e-04	6.691838e-10	9.993308e-01
7.200000e+00	6.358373e-04	6.358380e-10	9.993642e-01
7.250000e+00	6.041531e-04	6.041537e-10	9.993958e-01
7.300000e+00	5.740478e-04	5.740484e-10	9.994260e-01
7.350000e+00	5.454426e-04	5.454432e-10	9.994546e-01
7.400000e+00	5.182629e-04	5.182634e-10	9.994817e-01
7.450000e+00	4.924375e-04	4.924380e-10	9.995076e-01
7.500000e+00	4.678990e-04	4.678995e-10	9.995321e-01
7.550000e+00	4.445833e-04	4.445837e-10	9.995554e-01
7.600000e+00	4.224294e-04	4.224298e-10	9.995776e-01
7.650000e+00	4.013795e-04	4.013799e-10	9.995986e-01
7.700000e+00	3.813785e-04	3.813788e-10	9.996186e-01
7.750000e+00	3.623741e-04	3.623745e-10	9.996376e-01
7.800000e+00	3.443168e-04	3.443171e-10	9.996557e-01
7.850000e+00	3.271593e-04	3.271596e-10	9.996728e-01
7.900000e+00	3.108567e-04	3.108570e-10	9.996891e-01
7.950000e+00	2.953665e-04	2.953668e-10	9.997046e-01
8.000000e+00	2.806482e-04	2.806485e-10	9.997194e-01
8.050000e+00	2.666633e-04	2.666636e-10	9.997333e-01
8.100000e+00	2.533753e-04	2.533756e-10	9.997466e-01
8.150000e+00	2.407494e-04	2.407497e-10	9.997593e-01
8.200000e+00	2.287527e-04	2.287530e-10	9.997712e-01
8.250000e+00	2.173538e-04	2.173541e-10	9.997826e-01
8.300000e+00	2.065230e-04	2.065232e-10	9.997935e-01
8.350000e+00	1.962318e-04	1.962320e-10	9.998038e-01
8.400000e+00	1.864534e-04	1.864536e-10	9.998135e-01
8.450000e+00	1.771623e-04	1.771625e-10	9.998228e-01
8.500000e+00	1.683342e-04	1.683344e-10	9.998317e-01
8.550000e+00	1.599460e-04	1.599462e-10	9.998401e-01
8.600000e+00	1.519758e-04	1.519759e-10	9.998480e-01
8.650000e+00	1.444027e-04	1.444029e-10	9.998556e-01
8.700000e+00	1.372071e-04	1.372072e-10	9.998628e-01
8.750000e+00	1.303699e-04	1.303701e-10	9.998696e-01
8.800000e+00	1.238735e-04	1.238736e-10	9.998761e-01
8.850000e+00	1.177008e-04	1.177009e-10	9.998823e-01
8.900000e+00	1.118357e-04	1.118358e-10	9.998882e-01
8.950000e+00	1.062629e-04	1.062630e-10	9.998937e-01
9.000000e+00	1.009677e-04	1.009678e-10	9.998990e-01
9.050000e+00	9.593643e-05	9.593652e-11	9.999041e-01
9.100000e+00	9.115585e-05	9.115594e-11	9.999088e-01
9.150000e+00	8.661350e-05	8.661358e-11	9.999134e-01
9.200000e+00	8.229749e-05	8.229757e-11	9.999177e-01
9.250000e+00	7.819655e-05	7.819663e-11	9.999218e-01
9.300000e+00	7.429997e-05	7.430004e-11	9.999257e-01
9.350000e+00	7.059755e-05	7.059762e-11	9.999294e-01
9.400000e+00	6.707963e-05	6.707970e-11	9.999329e-01
9.450000e+00	6.373701e-05	6.373707e-11	9.999363e-01
9.500000e+00	6.056095e-05	6.056101e-11	9.999394e-01
9.550000e+00	5.754316e-05	5.754321e-11	9.999425e-01
9.600000e+00	5.467574e-05	5.467580e-11	9.999453e-01
9.650000e+00	5.195122e-05	5.195127e-11	9.999480e-01
9.700000e+00	4.936245e-05	4.936250e-11	9.999506e-01
9.750000e+00	4.690269e-05	4.690274e-11	9.999531e-01
9.800000e+00	4.456550e-05	4.456554e-11	9.999554e-01
9.850000e+00	4.234477e-05	4.234481e-11	9.999577e-01
9.900000e+00	4.023470e-05	4.023474e-11	9.999598e-01
9.950000e+00	3.822978e-05	3.822982e-11	9.999618e-01
1.000000e+01	3.632477e-05	3.632480e-11	9.999637e-01
1.005000e+01	3.451468e-05	3.451471e-11	9.999655e-01
1.010000e+01	3.279479e-05	3.279482e-11	9.999672e-01
1.015000e+01	3.116060e-05	3.116063e-11	9.999688e-01
1.020000e+01	2.960785e-05	2.960788e-11	9.999704e-01
1.025000e+01	2.813247e-05	2.813250e-11	9.999719e-01
1.030000e+01	2.673061e-05	2.673064e-11	9.999733e-01
1.035000e+01	2.539861e-05	2.539863e-11	9.999746e-01
1.040000e+01	2.413298e-05	2.413300e-11	9.999759e-01
1.045000e+01	2.293042e-05	2.293044e-11	9.999771e-01
1.050000e+01	2.178778e-05	2.178780e-11	9.999782e-01
1.055000e+01	2.070208e-05	2.070210e-11	9.999793e-01
1.060000e+01	1.967048e-05	1.967050e-11	9.999803e-01
1.065000e+01	1.869029e-05	1.869031e-11	9.999813e-01
1.070000e+01	1.775894e-05	1.775896e-11	9.999822e-01
1.075000e+01	1.687400e-05	1.687402e-11	9.999831e-01
1.080000e+01	1.603316e-05	1.603317e-11	9.999840e-01
1.085000e+01	1.523421e-05	1.523423e-11	9.999848e-01
1.090000e+01	1.447508e-05	1.447510e-11	9.999855e-01
1.095000e+01	1.375378e-05	1.375379e-11	9.999862e-01
1.100000e+01	1.306842e-05	1.306843e-11	9.999869e-01
1.105000e+01	1.241721e-05	1.241722e-11	9.999876e-01
1.110000e+01	1.179845e-05	1.179847e-11	9.999882e-01
1.115000e+01	1.121053e-05	1.121054e-11	9.999888e-01
1.120000e+01	1.065190e-05	1.065191e-11	9.999893e-01
1.125000e+01	1.012111e-05	1.012112e-11	9.999899e-01
1.130000e+01	9.616769e-06	9.616779e-12	9.999904e-01
1.135000e+01	9.137559e-06	9.137568e-12	9.999909e-01
1.140000e+01	8.682228e-06	8.682237e-12	9.999913e-01
1.145000e+01	8.249587e-06	8.249596e-12	9.999918e-01
1.150000e+01	7.838505e-06	7.838513e-12	9.999922e-01
1.155000e+01	7.447907e-06	7.447915e-12	9.999926e-01
1.160000e+01	7.076773e-06	7.076780e-12	9.999929e-01
1.165000e+01	6.724133e-06	6.724139e-12	9.999933e-01
1.170000e+01	6.389065e-06	6.389071e-12	9.999936e-01
1.175000e+01	6.070693e-06	6.070700e-12	9.999939e-01
1.180000e+01	5.768187e-06	5.768193e-12	9.999942e-01
1.185000e+01	5.480754e-06	5.480760e-12	9.999945e-01
1.190000e+01	5.207645e-06	5.207650e-12	9.999948e-01
1.195000e+01	4.948144e-06	4.948149e-12	9.999951e-01
1.200000e+01	4.701575e-06	4.701580e-12	9.999953e-01
1.205000e+01	4.467293e-06	4.467297e-12	9.999955e-01
1.210000e+01	4.244684e-06	4.244689e-12	9.999958e-01
1.215000e+01	4.033169e-06	4.033173e-12	9.999960e-01
1.220000e+01	3.832194e-06	3.832197e-12	9.999962e-01
1.225000e+01	3.641233e-06	3.641236e-12	9.999964e-01
1.230000e+01	3.459788e-06	3.459791e-12	9.999965e-01
1.235000e+01	3.287384e-06	3.287388e-12	9.999967e-01
1.240000e+01	3.123572e-06	3.123575e-12	9.999969e-01
1.245000e+01	2.967922e-06	2.967925e-12	9.999970e-01
1.250000e+01	2.820029e-06	2.820031e-12	9.999972e-01
1.255000e+01	2.679505e-06	2.679507e-12	9.999973e-01
1.260000e+01	2.545983e-06	2.545986e-12	9.999975e-01
1.265000e+01	2.419115e-06	2.419118e-12	9.999976e-01
1.270000e+01	2.298569e-06	2.298571e-12	9.999977e-01
1.275000e+01	2.184030e-06	2.184032e-12	9.999978e-01
1.280000e+01	2.075198e-06	2.075200e-12	9.999979e-01
1.285000e+01	1.971790e-06	1.971792e-12	9.999980e-01
1.290000e+01	1.873534e-06	1.873536e-12	9.999981e-01
1.295000e+01	1.780175e-06	1.780177e-12	9.999982e-01
1.300000e+01	1.691468e-06	1.691469e-12	9.999983e-01
1.305000e+01	1.607181e-06	1.607182e-12	9.999984e-01
1.310000e+01	1.527094e-06	1.527095e-12	9.999985e-01
1.315000e+01	1.450998e-06	1.450999e-12	9.999985e-01
1.320000e+01	1.378693e-06	1.378695e-12	9.999986e-01
1.325000e+01	1.309992e-06	1.309994e-12	9.999987e-01
1.330000e+01	1.244714e-06	1.244716e-12	9.999988e-01
1.335000e+01	1.182690e-06	1.182691e-12	9.999988e-01
1.340000e+01	1.123755e-06	1.123756e-12	9.999989e-01
1.345000e+01	1.067758e-06	1.067759e-12	9.999989e-01
1.350000e+01	1.014551e-06	1.014552e-12	9.999990e-01
1.355000e+01	9.639951e-07	9.639960e-13	9.999990e-01
1.360000e+01	9.159586e-07	9.159595e-13	9.999991e-01
1.365000e+01	8.703157e-07	8.703166e-13	9.999991e-01
1.370000e+01	8.269473e-07	8.269482e-13	9.999992e-01
1.375000e+01	7.857400e-07	7.857408e-13	9.999992e-01
1.380000e+01	7.465861e-07	7.465868e-13	9.999993e-01
1.385000e+01	7.093832e-07	7.093839e-13	9.999993e-01
1.390000e+01	6.740342e-07	6.740348e-13	9.999993e-01
1.395000e+01	6.404466e-07	6.404472e-13	9.999994e-01
1.400000e+01	6.085327e-07	6.085333e-13	9.999994e-01
1.405000e+01	5.782091e-07	5.782097e-13	9.999994e-01
1.410000e+01	5.493966e-07	5.493971e-13	9.999995e-01
1.415000e+01	5.220198e-07	5.220203e-13	9.999995e-01
1.420000e+01	4.960072e-07	4.960077e-13	9.999995e-01
1.425000e+01	4.712909e-07	4.712913e-13	9.999995e-01
1.430000e+01	4.478061e-07	4.478066e-13	9.999996e-01
1.435000e+01	4.254916e-07	4.254921e-13	9.999996e-01
1.440000e+01	4.042891e-07	4.042895e-13	9.999996e-01
1.445000e+01	3.841431e-07	3.841435e-13	9.999996e-01
1.450000e+01	3.650010e-07	3.650014e-13	9.999996e-01
1.455000e+01	3.468128e-07	3.468131e-13	9.999997e-01
1.460000e+01	3.295309e-07	3.295312e-13	9.999997e-01
1.465000e+01	3.131101e-07	3.131104e-13	9.999997e-01
1.470000e+01	2.975076e-07	2.975079e-13	9.999997e-01
1.475000e+01	2.826826e-07	2.826829e-13	9.999997e-01
1.480000e+01	2.685964e-07	2.685967e-13	9.999997e-01
1.485000e+01	2.552121e-07	2.552123e-13	9.999997e-01
1.490000e+01	2.424947e-07	2.424949e-13	9.999998e-01
1.495000e+01	2.304110e-07	2.304112e-13	9.999998e-01
1.500000e+01	2.189295e-07	2.189297e-13	9.999998e-01
1.505000e+01	2.080201e-07	2.080203e-13	9.999998e-01
1.510000e+01	1.976543e-07	1.976545e-13	9.999998e-01
1.515000e+01	1.878050e-07	1.878052e-13	9.999998e-01
1.520000e+01	1.784466e-07	1.784468e-13	9.999998e-01
1.525000e+01	1.695545e-07	1.695547e-13	9.999998e-01
1.530000e+01	1.611055e-07	1.611056e-13	9.999998e-01
1.535000e+01	1.530775e-07	1.530776e-13	9.999998e-01
1.540000e+01	1.454495e-07	1.454497e-13	9.999999e-01
1.545000e+01	1.382017e-07	1.382018e-13	9.999999e-01
1.550000e+01	1.313150e-07	1.313151e-13	9.999999e-01
1.555000e+01	1.247715e-07	1.247716e-13	9.999999e-01
1.560000e+01	1.185540e-07	1.185542e-13	9.999999e-01
1.565000e+01	1.126464e-07	1.126465e-13	9.999999e-01
1.570000e+01	1.070332e-07	1.070333e-13	9.999999e-01
1.575000e+01	1.016996e-07	1.016997e-13	9.999999e-01
1.580000e+01	9.663188e-08	9.663198e-14	9.999999e-01
1.585000e+01	9.181665e-08	9.181675e-14	9.999999e-01
1.590000e+01	8.724137e-08	8.724146e-14	9.999999e-01
1.595000e+01	8.289407e-08	8.289416e-14	9.999999e-01
1.600000e+01	7.876341e-08	7.876349e-14	9.999999e-01
1.605000e+01	7.483858e-08	7.483865e-14	9.999999e-01
1.610000e+01	7.110932e-08	7.110939e-14	9.999999e-01
1.615000e+01	6.756590e-08	6.756596e-14	9.999999e-01
1.620000e+01	6.419904e-08	6.419911e-14	9.999999e-01
1.625000e+01	6.099996e-08	6.100002e-14	9.999999e-01
1.630000e+01	5.796029e-08	5.796035e-14	9.999999e-01
1.635000e+01	5.507210e-08	5.507215e-14	9.999999e-01
1.640000e+01	5.232782e-08	5.232787e-14	9.999999e-01
1.645000e+01	4.972029e-08	4.972034e-14	1.000000e+00
1.650000e+01	4.724269e-08	4.724274e-14	1.000000e+00
1.655000e+01	4.488856e-08	4.488860e-14	1.000000e+00
1.660000e+01	4.265173e-08	4.265177e-14	1.000000e+00
1.665000e+01	4.052637e-08	4.052641e-14	1.000000e+00
1.670000e+01	3.850691e-08	3.850695e-14	1.000000e+00
1.675000e+01	3.658809e-08	3.658812e-14	1.000000e+00
1.680000e+01	3.476488e-08	3.476491e-14	1.000000e+00
1.685000e+01	3.303252e-08	3.303256e-14	1.000000e+00
1.690000e+01	3.138649e-08	3.138652e-14	1.000000e+00
1.695000e+01	2.982248e-08	2.982251e-14	1.000000e+00
1.700000e+01	2.833641e-08	2.833644e-14	1.000000e+00
1.705000e+01	2.692439e-08	2.692441e-14	1.000000e+00
1.710000e+01	2.558273e-08	2.558275e-14	1.000000e+00
1.715000e+01	2.430792e-08	2.430795e-14	1.000000e+00
1.720000e+01	2.309664e-08	2.309666e-14	1.000000e+00
1.725000e+01	2.194572e-08	2.194574e-14	1.000000e+00
1.730000e+01	2.085215e-08	2.085217e-14	1.000000e+00
1.735000e+01	1.981307e-08	1.981309e-14	1.000000e+00
1.740000e+01	1.882578e-08	1.882580e-14	1.000000e+00
1.745000e+01	1.788768e-08	1.788769e-14	1.000000e+00
1.750000e+01	1.699632e-08	1.699634e-14	1.000000e+00
1.755000e+01	1.614938e-08	1.614940e-14	1.000000e+00
1.760000e+01	1.534465e-08	1.534466e-14	1.000000e+00
1.765000e+01	1.458001e-08	1.458003e-14	1.000000e+00
1.770000e+01	1.385348e-08	1.385350e-14	1.000000e+00
1.775000e+01	1.316315e-08	1.316317e-14	1.000000e+00
1.780000e+01	1.250723e-08	1.250724e-14	1.000000e+00
1.785000e+01	1.188398e-08	1.188399e-14	1.000000e+00
1.790000e+01	1.129180e-08	1.129181e-14	1.000000e+00
1.795000e+01	1.072912e-08	1.072913e-14	1.000000e+00
1.800000e+01	1.019448e-08	1.019449e-14	1.000000e+00
1.805000e+01	9.686482e-09	9.686492e-15	1.000000e+00
1.810000e+01	9.203798e-09	9.203808e-15	1.000000e+00
1.815000e+01	8.745167e-09	8.745176e-15	1.000000e+00
1.820000e+01	8.309390e-09	8.309398e-15	1.000000e+00
1.825000e+01	7.895327e-09	7.895335e-15	1.000000e+00
1.830000e+01	7.501898e-09	7.501905e-15	1.000000e+00
1.835000e+01	7.128073e-09	7.128081e-15	1.000000e+00
1.840000e+01	6.772877e-09	6.772884e-15	1.000000e+00
1.845000e+01	6.435380e-09	6.435386e-15	1.000000e+00
1.850000e+01	6.114701e-09	6.114707e-15	1.000000e+00
1.855000e+01	5.810001e-09	5.810007e-15	1.000000e+00
1.860000e+01	5.520485e-09	5.520491e-15	1.000000e+00
1.865000e+01	5.245396e-09	5.245401e-15	1.000000e+00
1.870000e+01	4.984014e-09	4.984019e-15	1.000000e+00
1.875000e+01	4.735657e-09	4.735662e-15	1.000000e+00
1.880000e+01	4.499676e-09	4.499681e-15	1.000000e+00
1.885000e+01	4.275455e-09	4.275459e-15	1.000000e+00
1.890000e+01	4.062406e-09	4.062410e-15	1.000000e+00
1.895000e+01	3.859974e-09	3.859977e-15	1.000000e+00
1.900000e+01	3.667629e-09	3.667632e-15	1.000000e+00
1.905000e+01	3.484868e-09	3.484872e-15	1.000000e+00
1.910000e+01	3.311215e-09	3.311218e-15	1.000000e+00
1.915000e+01	3.146215e-09	3.146218e-15	1.000000e+00
1.920000e+01	2.989437e-09	2.989440e-15	1.000000e+00
1.925000e+01	2.840471e-09	2.840474e-15	1.000000e+00
1.930000e+01	2.698929e-09	2.698932e-15	1.000000e+00
1.935000e+01	2.564439e-09	2.564442e-15	1.000000e+00
1.940000e+01	2.436652e-09	2.436654e-15	1.000000e+00
1.945000e+01	2.315232e-09	2.315234e-15	1.000000e+00
1.950000e+01	2.199862e-09	2.199864e-15	1.000000e+00
1.955000e+01	2.090242e-09	2.090244e-15	1.000000e+00
1.960000e+01	1.986084e-09	1.986086e-15	1.000000e+00
1.965000e+01	1.887116e-09	1.887118e-15	1.000000e+00
1.970000e+01	1.793079e-09	1.793081e-15	1.000000e+00
1.975000e+01	1.703729e-09	1.703731e-15	1.000000e+00
1.980000e+01	1.618831e-09	1.618833e-15	1.000000e+00
1.985000e+01	1.538164e-09	1.538165e-15	1.000000e+00
1.990000e+01	1.461516e-09	1.461518e-15	1.000000e+00
1.995000e+01	1.388688e-09	1.388689e-15	1.000000e+00
2.000000e+01	1.319489e-09	1.319490e-15	1.000000e+00
