#t				#c_A				#c_B				#c_C
0.000000e+00	1.000000e+00	0.000000e+00	0.000000e+00
5.000000e-02	9.523810e-01	3.174603e-02	1.587302e-02
1.000000e-01	9.070295e-01	5.139834e-02	4.157218e-02
1.500000e-01	8.638376e-01	6.306014e-02	7.310226e-02
2.000000e-01	8.227025e-01	6.946351e-02	1.078340e-01
2.500000e-01	7.835262e-01	7.242655e-02	1.440473e-01
3.000000e-01	7.462154e-01	7.315821e-02	1.806264e-01
3.500000e-01	7.106813e-01	7.246152e-02	2.168572e-01
4.000000e-01	6.768394e-01	7.086899e-02	2.522916e-01
4.500000e-01	6.446089e-01	6.873296e-02	2.866581e-01
5.000000e-01	6.139133e-01	6.628575e-02	3.198010e-01
5.500000e-01	5.846793e-01	6.367981e-02	3.516409e-01
6.000000e-01	5.568374e-01	6.101445e-02	3.821481e-01
6.500000e-01	5.303214e-01	5.835368e-02	4.113250e-01
7.000000e-01	5.050680e-01	5.573805e-02	4.391940e-01
7.500000e-01	4.810171e-01	5.319260e-02	4.657903e-01
8.000000e-01	4.581115e-01	5.073212e-02	4.911564e-01
8.500000e-01	4.362967e-01	4.836464e-02	5.153387e-01
9.000000e-01	4.155207e-01	4.609378e-02	5.383856e-01
9.500000e-01	3.957340e-01	4.392032e-02	5.603457e-01
1.000000e+00	3.768895e-01	4.184319e-02	5.812673e-01
1.050000e+00	3.589424e-01	3.986021e-02	6.011974e-01
1.100000e+00	3.418499e-01	3.796847e-02	6.201817e-01
1.150000e+00	3.255713e-01	3.616469e-02	6.382640e-01
1.200000e+00	3.100679e-01	3.444539e-02	6.554867e-01
1.250000e+00	2.953028e-01	3.280702e-02	6.718902e-01
1.300000e+00	2.812407e-01	3.124604e-02	6.875132e-01
1.350000e+00	2.678483e-01	2.975897e-02	7.023927e-01
1.400000e+00	2.550936e-01	2.834243e-02	7.165639e-01
1.450000e+00	2.429463e-01	2.699317e-02	7.300605e-01
1.500000e+00	2.313774e-01	2.570803e-02	7.429145e-01
1.550000e+00	2.203595e-01	2.448400e-02	7.551565e-01
1.600000e+00	2.098662e-01	2.331821e-02	7.668156e-01
1.650000e+00	1.998725e-01	2.220789e-02	7.779196e-01
1.700000e+00	1.903548e-01	2.115042e-02	7.884948e-01
1.750000e+00	1.812903e-01	2.014329e-02	7.985664e-01
1.800000e+00	1.726574e-01	1.918411e-02	8.081585e-01
1.850000e+00	1.644356e-01	1.827059e-02	8.172938e-01
1.900000e+00	1.566054e-01	1.740057e-02	8.259941e-01
1.950000e+00	1.491480e-01	1.657198e-02	8.342801e-01
2.000000e+00	1.420457e-01	1.578284e-02	8.421715e-01
2.050000e+00	1.352816e-01	1.503128e-02	8.496871e-01
2.100000e+00	1.288396e-01	1.431551e-02	8.568449e-01
2.150000e+00	1.227044e-01	1.363382e-02	8.636618e-01
2.200000e+00	1.168613e-01	1.298459e-02	8.701541e-01
2.250000e+00	1.112965e-01	1.236628e-02	8.763372e-01
2.300000e+00	1.059967e-01	1.177741e-02	8.822259e-01
2.350000e+00	1.009492e-01	1.121658e-02	8.878342e-01
2.400000e+00	9.614211e-02	1.068246e-02	8.931754e-01
2.450000e+00	9.156391e-02	1.017377e-02	8.982623e-01
2.500000e+00	8.720373e-02	9.689303e-03	9.031070e-01
2.550000e+00	8.305117e-02	9.227907e-03	9.077209e-01
2.600000e+00	7.909635e-02	8.788483e-03	9.121152e-01
2.650000e+00	7.532986e-02	8.369984e-03	9.163002e-01
2.700000e+00	7.174272e-02	7.971414e-03	9.202859e-01
2.750000e+00	6.832640e-02	7.591822e-03	9.240818e-01
2.800000e+00	6.507276e-02	7.230307e-03	9.276969e-01
2.850000e+00	6.197406e-02	6.886007e-03	9.311399e-01
2.900000e+00	5.902291e-02	6.558102e-03	9.344190e-01
2.950000e+00	5.621230e-02	6.245811e-03	9.375419e-01
3.000000e+00	5.353552e-02	5.948392e-03	9.405161e-01
3.050000e+00	5.098621e-02	5.665135e-03	9.433487e-01
3.100000e+00	4.855830e-02	5.395366e-03	9.460463e-01
3.150000e+00	4.624600e-02	5.138444e-03	9.486156e-01
3.200000e+00	4.404381e-02	4.893756e-03	9.510624e-01
3.250000e+00	4.194648e-02	4.660720e-03	9.533928e-01
3.300000e+00	3.994903e-02	4.438781e-03	9.556122e-01
3.350000e+00	3.804670e-02	4.227411e-03	9.577259e-01
3.400000e+00	3.623495e-02	4.026106e-03	9.597389e-01
3.450000e+00	3.450948e-02	3.834386e-03	9.616561e-01
3.500000e+00	3.286617e-02	3.651796e-03	9.634820e-01
3.550000e+00	3.130111e-02	3.477901e-03	9.652210e-01
3.600000e+00	2.981058e-02	3.312287e-03	9.668771e-01
3.650000e+00	2.839103e-02	3.154559e-03	9.684544e-01
3.700000e+00	2.703908e-02	3.004342e-03	9.699566e-01
3.750000e+00	2.575150e-02	2.861278e-03	9.713872e-01
3.800000e+00	2.452524e-02	2.725027e-03	9.727497e-01
3.850000e+00	2.335737e-02	2.595264e-03	9.740474e-01
3.900000e+00	2.224512e-02	2.471680e-03	9.752832e-01
3.950000e+00	2.118582e-02	2.353981e-03	9.764602e-01
4.000000e+00	2.017698e-02	2.241886e-03	9.775811e-01
4.050000e+00	1.921617e-02	2.135130e-03	9.786487e-01
4.100000e+00	1.830111e-02	2.033457e-03	9.796654e-01
4.150000e+00	1.742963e-02	1.936626e-03	9.806337e-01
4.200000e+00	1.659965e-02	1.844405e-03	9.815559e-01
4.250000e+00	1.580919e-02	1.756577e-03	9.824342e-01
4.300000e+00	1.505637e-02	1.672930e-03	9.832707e-01
4.350000e+00	1.433940e-02	1.593267e-03	9.840673e-01
4.400000e+00	1.365657e-02	1.517397e-03	9.848260e-01
4.450000e+00	1.300626e-02	1.445140e-03	9.855486e-01
4.500000e+00	1.238691e-02	1.376324e-03	9.862368e-01
4.550000e+00	1.179706e-02	1.310784e-03	9.868922e-01
4.600000e+00	1.123530e-02	1.248366e-03	9.875163e-01
4.650000e+00	1.070028e-02	1.188920e-03	9.881108e-01
4.700000e+00	1.019074e-02	1.132305e-03	9.886770e-01
4.750000e+00	9.705470e-03	1.078386e-03	9.892161e-01
4.800000e+00	9.243305e-03	1.027034e-03	9.897297e-01
4.850000e+00	8.803148e-03	9.781275e-04	9.902187e-01
4.900000e+00	8.383950e-03	9.315500e-04	9.906845e-01
4.950000e+00	7.984714e-03	8.871905e-04	9.911281e-01
5.000000e+00	7.604490e-03	8.449433e-04	9.915506e-01
5.050000e+00	7.242371e-03	8.047079e-04	9.919529e-01
5.100000e+00	6.897497e-03	7.663885e-04	9.923361e-01
5.150000e+00	6.569044e-03	7.298938e-04	9.927011e-01
5.200000e+00	6.256233e-03	6.951370e-04	9.930486e-01
5.250000e+00	5.958317e-03	6.620352e-04	9.933796e-01
5.300000e+00	5.674588e-03	6.305097e-04	9.936949e-01
5.350000e+00	5.404369e-03	6.004855e-04	9.939951e-01
5.400000e+00	5.147018e-03	5.718909e-04	9.942811e-01
5.450000e+00	4.901922e-03	5.446580e-04	9.945534e-01
5.500000e+00	4.668497e-03	5.187219e-04	9.948128e-01
5.550000e+00	4.446188e-03	4.940209e-04	9.950598e-01
5.600000e+00	4.234465e-03	4.704961e-04	9.952950e-01
5.650000e+00	4.032823e-03	4.480915e-04	9.955191e-01
5.700000e+00	3.840784e-03	4.267538e-04	9.957325e-01
5.750000e+00	3.657890e-03	4.064322e-04	9.959357e-01
5.800000e+00	3.483704e-03	3.870783e-04	9.961292e-01
5.850000e+00	3.317814e-03	3.686460e-04	9.963135e-01
5.900000e+00	3.159823e-03	3.510914e-04	9.964891e-01
5.950000e+00	3.009355e-03	3.343728e-04	9.966563e-01
6.000000e+00	2.866052e-03	3.184503e-04	9.968155e-01
6.050000e+00	2.729574e-03	3.032860e-04	9.969671e-01
6.100000e+00	2.599594e-03	2.888438e-04	9.971116e-01
6.150000e+00	2.475804e-03	2.750893e-04	9.972491e-01
6.200000e+00	2.357908e-03	2.619898e-04	9.973801e-01
6.250000e+00	2.245627e-03	2.495141e-04	9.975049e-01
6.300000e+00	2.138692e-03	2.376325e-04	9.976237e-01
6.350000e+00	2.036850e-03	2.263167e-04	9.977368e-01
6.400000e+00	1.939857e-03	2.155397e-04	9.978446e-01
6.450000e+00	1.847483e-03	2.052759e-04	9.979472e-01
6.500000e+00	1.759507e-03	1.955008e-04	9.980450e-01
6.550000e+00	1.675721e-03	1.861913e-04	9.981381e-01
6.600000e+00	1.595925e-03	1.773250e-04	9.982267e-01
6.650000e+00	1.519929e-03	1.688810e-04	9.983112e-01
6.700000e+00	1.447551e-03	1.608390e-04	9.983916e-01
6.750000e+00	1.378620e-03	1.531800e-04	9.984682e-01
6.800000e+00	1.312972e-03	1.458857e-04	9.985411e-01
6.850000e+00	1.250449e-03	1.389388e-04	9.986106e-01
6.900000e+00	1.190904e-03	1.323227e-04	9.986768e-01
6.950000e+00	1.134194e-03	1.260216e-04	9.987398e-01
7.000000e+00	1.080185e-03	1.200206e-04	9.987998e-01
7.050000e+00	1.028748e-03	1.143053e-04	9.988569e-01
7.100000e+00	9.797596e-04	1.088622e-04	9.989114e-01
7.150000e+00	9.331044e-04	1.036783e-04	9.989632e-01
7.200000e+00	8.886708e-04	9.874121e-05	9.990126e-01
7.250000e+00	8.463532e-04	9.403924e-05	9.990596e-01
7.300000e+00	8.060507e-04	8.956118e-05	9.991044e-01
7.350000e+00	7.676673e-04	8.529637e-05	9.991470e-01
7.400000e+00	7.311117e-04	8.123463e-05	9.991877e-01
7.450000e+00	6.962969e-04	7.736632e-05	9.992263e-01
7.500000e+00	6.631399e-04	7.368221e-05	9.992632e-01
7.550000e+00	6.315618e-04	7.017353e-05	9.992983e-01
7.600000e+00	6.014874e-04	6.683193e-05	9.993317e-01
7.650000e+00	5.728452e-04	6.364946e-05	9.993635e-01
7.700000e+00	5.455668e-04	6.061853e-05	9.993938e-01
7.750000e+00	5.195874e-04	5.773194e-05	9.994227e-01
7.800000e+00	4.948452e-04	5.498280e-05	9.994502e-01
7.850000e+00	4.712811e-04	5.236457e-05	9.994764e-01
7.900000e+00	4.488392e-04	4.987102e-05	9.995013e-01
7.950000e+00	4.274659e-04	4.749621e-05	9.995250e-01
8.000000e+00	4.071104e-04	4.523448e-05	9.995477e-01
8.050000e+00	3.877241e-04	4.308046e-05	9.995692e-01
8.100000e+00	3.692611e-04	4.102901e-05	9.995897e-01
8.150000e+00	3.516772e-04	3.907525e-05	9.996092e-01
8.200000e+00	3.349307e-04	3.721452e-05	9.996279e-01
8.250000e+00	3.189816e-04	3.544240e-05	9.996456e-01
8.300000e+00	3.037920e-04	3.375467e-05	9.996625e-01
8.350000e+00	2.893257e-04	3.214730e-05	9.996785e-01
8.400000e+00	2.755483e-04	3.061648e-05	9.996938e-01
8.450000e+00	2.624270e-04	2.915855e-05	9.997084e-01
8.500000e+00	2.499304e-04	2.777005e-05	9.997223e-01
8.550000e+00	2.380290e-04	2.644767e-05	9.997355e-01
8.600000e+00	2.266943e-04	2.518825e-05	9.997481e-01
8.650000e+00	2.158993e-04	2.398881e-05	9.997601e-01
8.700000e+00	2.056184e-04	2.284649e-05	9.997715e-01
8.750000e+00	1.958270e-04	2.175856e-05	9.997824e-01
8.800000e+00	1.865019e-04	2.072244e-05	9.997928e-01
8.850000e+00	1.776209e-04	1.973566e-05	9.998026e-01
8.900000e+00	1.691628e-04	1.879586e-05	9.998120e-01
8.950000e+00	1.611074e-04	1.790082e-05	9.998210e-01
9.000000e+00	1.534356e-04	1.704840e-05	9.998295e-01
9.050000e+00	1.461292e-04	1.623657e-05	9.998376e-01
9.100000e+00	1.391706e-04	1.546340e-05	9.998454e-01
9.150000e+00	1.325434e-04	1.472705e-05	9.998527e-01
9.200000e+00	1.262319e-04	1.402576e-05	9.998597e-01
9.250000e+00	1.202208e-04	1.335787e-05	9.998664e-01
9.300000e+00	1.144960e-04	1.272178e-05	9.998728e-01
9.350000e+00	1.090438e-04	1.211598e-05	9.998788e-01
9.400000e+00	1.038513e-04	1.153903e-05	9.998846e-01
9.450000e+00	9.890596e-05	1.098955e-05	9.998901e-01
9.500000e+00	9.419616e-05	1.046624e-05	9.998953e-01
9.550000e+00	8.971062e-05	9.967847e-06	9.999003e-01
9.600000e+00	8.543869e-05	9.493188e-06	9.999051e-01
9.650000e+00	8.137018e-05	9.041131e-06	9.999096e-01
9.700000e+00	7.749541e-05	8.610601e-06	9.999139e-01
9.750000e+00	7.380515e-05	8.200572e-06	9.999180e-01
9.800000e+00	7.029062e-05	7.810069e-06	9.999219e-01
9.850000e+00	6.694345e-05	7.438161e-06	9.999256e-01
9.900000e+00	6.375567e-05	7.083963e-06	9.999292e-01
9.950000e+00	6.071968e-05	6.746631e-06	9.999325e-01
1.000000e+01	5.782827e-05	6.425363e-06	9.999357e-01
1.005000e+01	5.507454e-05	6.119393e-06	9.999388e-01
1.010000e+01	5.245194e-05	5.827994e-06	9.999417e-01
1.015000e+01	4.995423e-05	5.550470e-06	9.999445e-01
1.020000e+01	4.757546e-05	5.286162e-06	9.999471e-01
1.025000e+01	4.530996e-05	5.034440e-06	9.999497e-01
1.030000e+01	4.315234e-05	4.794705e-06	9.999521e-01
1.035000e+01	4.109747e-05	4.566386e-06	9.999543e-01
1.040000e+01	3.914045e-05	4.348939e-06	9.999565e-01
1.045000e+01	3.727662e-05	4.141846e-06	9.999586e-01
1.050000e+01	3.550154e-05	3.944616e-06	9.999606e-01
1.055000e+01	3.381099e-05	3.756777e-06	9.999624e-01
1.060000e+01	3.220094e-05	3.577883e-06	9.999642e-01
1.065000e+01	3.066757e-05	3.407507e-06	9.999659e-01
1.070000e+01	2.920721e-05	3.245245e-06	9.999675e-01
1.075000e+01	2.781639e-05	3.090710e-06	9.999691e-01
1.080000e+01	2.649180e-05	2.943533e-06	9.999706e-01
1.085000e+01	2.523028e-05	2.803365e-06	9.999720e-01
1.090000e+01	2.402884e-05	2.669871e-06	9.999733e-01
1.095000e+01	2.288461e-05	2.542734e-06	9.999746e-01
1.100000e+01	2.179487e-05	2.421652e-06	9.999758e-01
1.105000e+01	2.075702e-05	2.306335e-06	9.999769e-01
1.110000e+01	1.976859e-05	2.196510e-06	9.999780e-01
1.115000e+01	1.882722e-05	2.091914e-06	9.999791e-01
1.120000e+01	1.793069e-05	1.992299e-06	9.999801e-01
1.125000e+01	1.707685e-05	1.897428e-06	9.999810e-01
1.130000e+01	1.626366e-05	1.807074e-06	9.999819e-01
1.135000e+01	1.548920e-05	1.721023e-06	9.999828e-01
1.140000e+01	1.475162e-05	1.639069e-06	9.999836e-01
1.145000e+01	1.404916e-05	1.561018e-06	9.999844e-01
1.150000e+01	1.338016e-05	1.486684e-06	9.999851e-01
1.155000e+01	1.274301e-05	1.415890e-06	9.999858e-01
1.160000e+01	1.213620e-05	1.348466e-06	9.999865e-01
1.165000e+01	1.155828e-05	1.284254e-06	9.999872e-01
1.170000e+01	1.100789e-05	1.223099e-06	9.999878e-01
1.175000e+01	1.048370e-05	1.164856e-06	9.999884e-01
1.180000e+01	9.984479e-06	1.109387e-06	9.999889e-01
1.185000e+01	9.509028e-06	1.056559e-06	9.999894e-01
1.190000e+01	9.056217e-06	1.006246e-06	9.999899e-01
1.195000e+01	8.624969e-06	9.583298e-07	9.999904e-01
1.200000e+01	8.214256e-06	9.126951e-07	9.999909e-01
1.205000e+01	7.823101e-06	8.692334e-07	9.999913e-01
1.210000e+01	7.450572e-06	8.278414e-07	9.999917e-01
1.215000e+01	7.095783e-06	7.884203e-07	9.999921e-01
1.220000e+01	6.757889e-06	7.508765e-07	9.999925e-01
1.225000e+01	6.436084e-06	7.151205e-07	9.999928e-01
1.230000e+01	6.129604e-06	6.810671e-07	9.999932e-01
1.235000e+01	5.837718e-06	6.486354e-07	9.999935e-01
1.240000e+01	5.559732e-06	6.177480e-07	9.999938e-01
1.245000e+01	5.294983e-06	5.883314e-07	9.999941e-01
1.250000e+01	5.042841e-06	5.603156e-07	9.999944e-01
1.255000e+01	4.802705e-06	5.336339e-07	9.999947e-01
1.260000e+01	4.574005e-06	5.082228e-07	9.999949e-01
1.265000e+01	4.356195e-06	4.840217e-07	9.999952e-01
1.270000e+01	4.148757e-06	4.609730e-07	9.999954e-01
1.275000e+01	3.951197e-06	4.390219e-07	9.999956e-01
1.280000e+01	3.763045e-06	4.181161e-07	9.999958e-01
1.285000e+01	3.583853e-06	3.982058e-07	9.999960e-01
1.290000e+01	3.413193e-06	3.792437e-07	9.999962e-01
1.295000e+01	3.250660e-06	3.611844e-07	9.999964e-01
1.300000e+01	3.095867e-06	3.439852e-07	9.999966e-01
1.305000e+01	2.948444e-06	3.276049e-07	9.999967e-01
1.310000e+01	2.808042e-06	3.120047e-07	9.999969e-01
1.315000e+01	2.674326e-06	2.971473e-07	9.999970e-01
1.320000e+01	2.546977e-06	2.829975e-07	9.999972e-01
1.325000e+01	2.425693e-06	2.695214e-07	9.999973e-01
1.330000e+01	2.310183e-06	2.566870e-07	9.999974e-01
1.335000e+01	2.200175e-06	2.444638e-07	9.999976e-01
1.340000e+01	2.095404e-06	2.328227e-07	9.999977e-01
1.345000e+01	1.995623e-06	2.217359e-07	9.999978e-01
1.350000e+01	1.900594e-06	2.111771e-07	9.999979e-01
1.355000e+01	1.810089e-06	2.011210e-07	9.999980e-01
1.360000e+01	1.723894e-06	1.915438e-07	9.999981e-01
1.365000e+01	1.641804e-06	1.824227e-07	9.999982e-01
1.370000e+01	1.563623e-06	1.737359e-07	9.999983e-01
1.375000e+01	1.489165e-06	1.654628e-07	9.999983e-01
1.380000e+01	1.418252e-06	1.575836e-07	9.999984e-01
1.385000e+01	1.350716e-06	1.500796e-07	9.999985e-01
1.390000e+01	1.286397e-06	1.429329e-07	9.999986e-01
1.395000e+01	1.225140e-06	1.361266e-07	9.999986e-01
1.400000e+01	1.166800e-06	1.296444e-07	9.999987e-01
1.405000e+01	1.111238e-06	1.234709e-07	9.999988e-01
1.410000e+01	1.058322e-06	1.175913e-07	9.999988e-01
1.415000e+01	1.007925e-06	1.119917e-07	9.999989e-01
1.420000e+01	9.599289e-07	1.066588e-07	9.999989e-01
1.425000e+01	9.142180e-07	1.015798e-07	9.999990e-01
1.430000e+01	8.706838e-07	9.674264e-08	9.999990e-01
1.435000e+01	8.292227e-07	9.213585e-08	9.999991e-01
1.440000e+01	7.897359e-07	8.774843e-08	9.999991e-01
1.445000e+01	7.521294e-07	8.356993e-08	9.999992e-01
1.450000e+01	7.163137e-07	7.959041e-08	9.999992e-01
1.455000e+01	6.822035e-07	7.580039e-08	9.999992e-01
1.460000e+01	6.497177e-07	7.219085e-08	9.999993e-01
1.465000e+01	6.187787e-07	6.875319e-08	9.999993e-01
1.470000e+01	5.893131e-07	6.547923e-08	9.999993e-01
1.475000e+01	5.612505e-07	6.236117e-08	9.999994e-01
1.480000e+01	5.345243e-07	5.939159e-08	9.999994e-01
1.485000e+01	5.090708e-07	5.656342e-08	9.999994e-01
1.490000e+01	4.848293e-07	5.386992e-08	9.999995e-01
1.495000e+01	4.617422e-07	5.130469e-08	9.999995e-01
1.500000e+01	4.397545e-07	4.886161e-08	9.999995e-01
1.505000e+01	4.188138e-07	4.653487e-08	9.999995e-01
1.510000e+01	3.988703e-07	4.431892e-08	9.999996e-01
1.515000e+01	3.798765e-07	4.220850e-08	9.999996e-01
1.520000e+01	3.617871e-07	4.019857e-08	9.999996e-01
1.525000e+01	3.445591e-07	3.828435e-08	9.999996e-01
1.530000e+01	3.281516e-07	3.646129e-08	9.999996e-01
1.535000e+01	3.125253e-07	3.472503e-08	9.999997e-01
1.540000e+01	2.976431e-07	3.307146e-08	9.999997e-01
1.545000e+01	2.834697e-07	3.149663e-08	9.999997e-01
1.550000e+01	2.699711e-07	2.999679e-08	9.999997e-01
1.555000e+01	2.571153e-07	2.856837e-08	9.999997e-01
1.560000e+01	2.448718e-07	2.720797e-08	9.999997e-01
1.565000e+01	2.332112e-07	2.591235e-08	9.999997e-01
1.570000e+01	2.221059e-07	2.467843e-08	9.999998e-01
1.575000e+01	2.115294e-07	2.350327e-08	9.999998e-01
1.580000e+01	2.014566e-07	2.238407e-08	9.999998e-01
1.585000e+01	1.918634e-07	2.131816e-08	9.999998e-01
1.590000e+01	1.827271e-07	2.030301e-08	9.999998e-01
1.595000e+01	1.740258e-07	1.933620e-08	9.999998e-01
1.600000e+01	1.657388e-07	1.841543e-08	9.999998e-01
1.605000e+01	1.578465e-07	1.753850e-08	9.999998e-01
1.610000e+01	1.503300e-07	1.670333e-08	9.999998e-01
1.615000e+01	1.431714e-07	1.590794e-08	9.999998e-01
1.620000e+01	1.363538e-07	1.515042e-08	9.999998e-01
1.625000e+01	1.298607e-07	1.442897e-08	9.999999e-01
1.630000e+01	1.236769e-07	1.374188e-08	9.999999e-01
1.635000e+01	1.177875e-07	1.308750e-08	9.999999e-01
1.640000e+01	1.121786e-07	1.246429e-08	9.999999e-01
1.645000e+01	1.068367e-07	1.187075e-08	9.999999e-01
1.650000e+01	1.017493e-07	1.130547e-08	9.999999e-01
1.655000e+01	9.690407e-08	1.076712e-08	9.999999e-01
1.660000e+01	9.228959e-08	1.025440e-08	9.999999e-01
1.665000e+01	8.789485e-08	9.766094e-09	9.999999e-01
1.670000e+01	8.370938e-08	9.301042e-09	9.999999e-01
1.675000e+01	7.972322e-08	8.858135e-09	9.999999e-01
1.680000e+01	7.592687e-08	8.436319e-09	9.999999e-01
1.685000e+01	7.231131e-08	8.034590e-09	9.999999e-01
1.690000e+01	6.886791e-08	7.651990e-09	9.999999e-01
1.695000e+01	6.558849e-08	7.287610e-09	9.999999e-01
1.700000e+01	6.246523e-08	6.940581e-09	9.999999e-01
1.705000e+01	5.949069e-08	6.610077e-09	9.999999e-01
1.710000e+01	5.665780e-08	6.295311e-09	9.999999e-01
1.715000e+01	5.395981e-08	5.995535e-09	9.999999e-01
1.720000e+01	5.139030e-08	5.710033e-09	9.999999e-01
1.725000e+01	4.894314e-08	5.438127e-09	9.999999e-01
1.730000e+01	4.661251e-08	5.179168e-09	9.999999e-01
1.735000e+01	4.439287e-08	4.932541e-09	1.000000e+00
1.740000e+01	4.227892e-08	4.697658e-09	1.000000e+00
1.745000e+01	4.026564e-08	4.473960e-09	1.000000e+00
1.750000e+01	3.834823e-08	4.260914e-09	1.000000e+00
1.755000e+01	3.652212e-08	4.058014e-09	1.000000e+00
1.760000e+01	3.478298e-08	3.864775e-09	1.000000e+00
1.765000e+01	3.312664e-08	3.680738e-09	1.000000e+00
1.770000e+01	3.154918e-08	3.505465e-09	1.000000e+00
1.775000e+01	3.004684e-08	3.338538e-09	1.000000e+00
1.780000e+01	2.861604e-08	3.179560e-09	1.000000e+00
1.785000e+01	2.725337e-08	3.028152e-09	1.000000e+00
1.790000e+01	2.595559e-08	2.883955e-09	1.000000e+00
1.795000e+01	2.471961e-08	2.746623e-09	1.000000e+00
1.800000e+01	2.354249e-08	2.615832e-09	1.000000e+00
1.805000e+01	2.242142e-08	2.491268e-09	1.000000e+00
1.810000e+01	2.135373e-08	2.372637e-09	1.000000e+00
1.815000e+01	2.033689e-08	2.259654e-09	1.000000e+00
1.820000e+01	1.936846e-08	2.152051e-09	1.000000e+00
1.825000e+01	1.844615e-08	2.049573e-09	1.000000e+00
1.830000e+01	1.756777e-08	1.951974e-09	1.000000e+00
1.835000e+01	1.673121e-08	1.859023e-09	1.000000e+00
1.840000e+01	1.593448e-08	1.770498e-09	1.000000e+00
1.845000e+01	1.517570e-08	1.686189e-09	1.000000e+00
1.850000e+01	1.445304e-08	1.605894e-09	1.000000e+00
1.855000e+01	1.376480e-08	1.529423e-09	1.000000e+00
1.860000e+01	1.310934e-08	1.456593e-09	1.000000e+00
1.865000e+01	1.248508e-08	1.387231e-09	1.000000e+00
1.870000e+01	1.189056e-08	1.321173e-09	1.000000e+00
1.875000e+01	1.132434e-08	1.258260e-09	1.000000e+00
1.880000e+01	1.078508e-08	1.198343e-09	1.000000e+00
1.885000e+01	1.027151e-08	1.141279e-09	1.000000e+00
1.890000e+01	9.782390e-09	1.086932e-09	1.000000e+00
1.895000e+01	9.316561e-09	1.035173e-09	1.000000e+00
1.900000e+01	8.872916e-09	9.858795e-10	1.000000e+00
1.905000e+01	8.450396e-09	9.389329e-10	1.000000e+00
1.910000e+01	8.047996e-09	8.942218e-10	1.000000e+00
1.915000e+01	7.664758e-09	8.516398e-10	1.000000e+00
1.920000e+01	7.299770e-09	8.110855e-10	1.000000e+00
1.925000e+01	6.952162e-09	7.724624e-10	1.000000e+00
1.930000e+01	6.621106e-09	7.356785e-10	1.000000e+00
1.935000e+01	6.305816e-09	7.006462e-10	1.000000e+00
1.940000e+01	6.005539e-09	6.672821e-10	1.000000e+00
1.945000e+01	5.719561e-09	6.355067e-10	1.000000e+00
1.950000e+01	5.447201e-09	6.052445e-10	1.000000e+00
1.955000e+01	5.187810e-09	5.764233e-10	1.000000e+00
1.960000e+01	4.940771e-09	5.489746e-10	1.000000e+00
1.965000e+01	4.705497e-09	5.228330e-10	1.000000e+00
1.970000e+01	4.481425e-09	4.979361e-10	1.000000e+00
1.975000e+01	4.268024e-09	4.742249e-10	1.000000e+00
1.980000e+01	4.064785e-09	4.516428e-10	1.000000e+00
1.985000e+01	3.871224e-09	4.301360e-10	1.000000e+00
1.990000e+01	3.686880e-09	4.096533e-10	1.000000e+00
1.995000e+01	3.511314e-09	3.901460e-10	1.000000e+00
2.000000e+01	0.000000e+00	0.000000e+00	0.000000e+00
